95527938	36	-58	-58	-58	332	-3420	-1655	-1615	-1385	-834
95532888	36	-47	-47	-47	-255	-2520	-1809	-1604	-1382	-841
95537205	36	-32	-32	-32	-809	-1537	-3071	-1591	-1380	-852
95541532	36	-14	-14	-14	-642	-700	-4073	-1576	-1377	-868
95545890	36	-5	-5	-5	-1559	-124	-3125	-1560	-1378	-879
95550157	36	5	5	5	-2166	-818	-1272	-1548	-1381	-883
95554425	36	26	26	26	-2395	-2696	-247	-1544	-1384	-883
95558824	36	41	41	41	-2844	-3397	457	-1544	-1389	-880
95563078	36	53	53	53	-2555	-3107	322	-1543	-1392	-877
95567456	36	63	63	63	-1457	-2950	-747	-1543	-1391	-879
95571734	36	63	63	63	442	-1191	-622	-1537	-1383	-879
95576016	36	62	62	62	1384	-238	-783	-1528	-1371	-880
95580363	36	71	71	71	680	-961	-1329	-1522	-1362	-883
95584648	36	76	76	76	-1988	-1231	-1093	-1517	-1363	-885
95588945	36	74	74	74	-4178	-2087	209	-1516	-1373	-882
95593210	36	83	83	83	-4675	-3581	783	-1521	-1384	-877
95597501	36	90	90	90	-4330	-2806	860	-1524	-1393	-872
95601771	36	96	96	96	-1614	-2086	998	-1524	-1393	-866
95606031	36	100	100	100	1419	-1751	-48	-1523	-1380	-864
95610420	36	94	94	94	2102	-910	-407	-1519	-1365	-863
95614698	36	90	90	90	1711	-1348	-944	-1516	-1352	-864
95619109	36	95	95	95	-488	-1567	-1912	-1515	-1347	-869
95623368	36	95	95	95	-3381	-1641	-1647	-1514	-1353	-873
95627762	36	94	94	94	-4274	-2222	-101	-1515	-1362	-871
95632041	36	102	102	102	-3429	-2929	1712	-1519	-1368	-862
95636335	36	102	102	102	-1236	-2032	2480	-1520	-1366	-850
95640688	36	98	98	98	764	-1905	1481	-1521	-1356	-842
95644978	36	102	102	102	1931	-2300	-1138	-1523	-1342	-844
95649238	36	97	97	97	1460	-1065	-2494	-1520	-1329	-851
95653505	36	93	93	93	-76	-1219	-1983	-1518	-1323	-855
95657781	36	96	96	96	-2425	-1210	-1219	-1516	-1325	-857
95662018	36	96	96	96	-4100	-926	-435	-1513	-1334	-856
95666322	36	92	92	92	-3209	-2271	921	-1515	-1340	-850
95670729	36	93	93	93	-2140	-3464	1860	-1522	-1341	-841
95675055	36	94	94	94	-1457	-3153	1424	-1527	-1340	-833
95679396	36	89	89	89	-337	-2233	808	-1529	-1335	-827
95683685	36	86	86	86	-285	-942	-927	-1526	-1329	-828
95739909	36	89	89	89	-883	-88	-2307	-1520	-1326	-833
95744448	36	88	88	88	-1609	88	-3447	-1514	-1325	-844
95748735	36	78	78	78	-2464	-732	-4250	-1510	-1328	-857
95753103	36	62	62	62	-2320	-1836	-3350	-1511	-1331	-867
95757382	36	47	47	47	-3239	-2347	-2335	-1514	-1337	-874
95761696	36	33	33	33	-4604	-2761	-1574	-1518	-1349	-877
95765969	36	27	27	27	-4303	-3486	-613	-1525	-1360	-877
95770262	36	33	33	33	-3875	-3505	-230	-1533	-1369	-876
95774535	36	30	30	30	-3872	-1109	-396	-1530	-1378	-875
95778840	36	25	25	25	-2654	-261	-659	-1525	-1382	-875
95783121	36	25	25	25	-270	-665	-1567	-1521	-1377	-880
95787380	36	21	21	21	289	-553	-2181	-1517	-1371	-886
95791753	36	13	13	13	-631	-2155	-2316	-1519	-1367	-893
95796016	36	5	5	5	-1822	-4375	-2012	-1529	-1369	-899
95800308	36	5	5	5	-3664	-4825	-2171	-1541	-1378	-905
95804664	36	9	9	9	-5204	-3935	-2282	-1549	-1392	-912
95808947	36	11	11	11	-5342	-2213	-1404	-1551	-1407	-916
95813292	36	14	14	14	-2984	-581	-687	-1547	-1413	-917
95817580	36	16	16	16	83	162	290	-1540	-1406	-914
95821851	36	9	9	9	1167	50	283	-1533	-1396	-911
95826220	36	2	2	2	1314	-2238	-1648	-1536	-1386	-916
95830464	36	7	7	7	297	-4522	-3426	-1546	-1379	-927
95834725	36	8	8	8	-2912	-4808	-3556	-1558	-1385	-939
95838984	36	2	2	2	-4612	-3882	-1807	-1567	-1397	-944
95843254	36	9	9	9	-4143	-2920	353	-1572	-1407	-942
95847531	36	11	11	11	-2489	-751	1897	-1569	-1411	-933
95851797	36	9	9	9	502	744	1443	-1559	-1403	-926
95856179	36	14	14	14	2657	-1036	-247	-1557	-1387	-926
95860425	36	14	14	14	2835	-2363	-1537	-1560	-1371	-930
95864789	36	13	13	13	762	-3103	-2564	-1566	-1362	-938
95869059	36	12	12	12	-2844	-3979	-2460	-1575	-1367	-946
95873337	36	11	11	11	-4533	-3783	-1372	-1583	-1379	-950
95877665	36	14	14	14	-4234	-3208	315	-1589	-1390	-947
95881938	36	13	13	13	-3157	-1911	1567	-1590	-1396	-940
95886309	36	12	12	12	-1413	-1046	1741	-1588	-1396	-932
95890568	36	17	17	17	983	-1667	841	-1588	-1387	-927
95894836	36	22	22	22	1497	-1292	-729	-1587	-1375	-929
95899220	36	24	24	24	-713	-1742	-1669	-1587	-1372	-933
95903606	36	20	20	20	-1318	-3268	-1503	-1594	-1371	-938
95908010	36	17	17	17	-2505	-3722	-569	-1602	-1375	-939
95912399	36	9	9	9	-3851	-3328	-157	-1608	-1384	-938
95916917	36	7	7	7	-3155	-3326	-243	-1615	-1391	-938
95921331	36	15	15	15	-2212	-3289	85	-1621	-1394	-936
95925757	36	19	19	19	-1668	-1411	585	-1620	-1394	-932
95930177	36	22	22	22	-1312	-582	529	-1616	-1394	-929
95934602	36	21	21	21	-321	-1041	347	-1614	-1389	-926
95939101	36	16	16	16	315	-1495	-642	-1614	-1382	-927
95943493	36	13	13	13	-227	-2785	-1788	-1618	-1377	-932
95947992	36	7	7	7	-1924	-4232	-1314	-1628	-1379	-936
95952371	36	6	6	6	-3213	-4546	-230	-1639	-1386	-935
95956823	36	11	11	11	-4270	-3812	732	-1648	-1397	-931
95961232	36	11	11	11	-5001	-1492	1187	-1647	-1410	-925
95965657	36	12	12	12	-3034	-10	1107	-1641	-1416	-920
95970077	36	21	21	21	381	-418	849	-1637	-1409	-915
95974472	36	17	17	17	1365	-422	130	-1632	-1398	-913
95978974	36	7	7	7	867	-2290	-751	-1635	-1389	-914
95983377	36	6	6	6	98	-4683	-1934	-1646	-1383	-920
95987906	36	6	6	6	-2714	-4785	-1820	-1658	-1388	-925
95992279	36	2	2	2	-5168	-3486	88	-1666	-1402	-923
95996817	36	1	1	1	-4997	-2013	1815	-1667	-1416	-915
96001248	36	3	3	3	-2800	-402	2619	-1662	-1421	-903
96006121	36	3	3	3	365	592	2160	-1654	-1414	-894
96010665	36	1	1	1	2407	-756	715	-1650	-1399	-889
96015107	36	-3	-3	-3	2399	-2584	-469	-1654	-1384	-889
96019512	36	-7	-7	-7	731	-3838	-642	-1662	-1376	-890
96023954	36	-14	-14	-14	-2496	-4231	-1001	-1672	-1380	-892
96028361	36	-21	-21	-21	-4024	-3296	-797	-1679	-1391	-893
96032798	36	-16	-16	-16	-3344	-2766	771	-1683	-1398	-889
96037201	36	-17	-17	-17	-2190	-1497	2528	-1682	-1402	-878
96041727	36	-24	-24	-24	-657	-263	3277	-1677	-1399	-864
96046173	36	-22	-22	-22	1335	-1636	2528	-1677	-1389	-853
96050700	36	-23	-23	-23	1744	-2007	712	-1678	-1377	-848
96055145	36	-239	-239	-239	-231	-1069	-1301	-1690	-1376	-822
96111776	36	-435	-435	-435	-1224	-1014	-2127	-1716	-1382	-773
96116286	36	-446	-446	-446	662	-1414	-2260	-1740	-1382	-733
96120628	36	-494	-494	-494	1472	-1681	-1577	-1762	-1379	-695
96124908	36	-544	-544	-544	-310	-1290	-1713	-1779	-1383	-664
96129222	36	-593	-593	-593	-954	-1897	-2274	-1797	-1391	-640
96133630	36	-628	-628	-628	-1389	-2936	-2818	-1816	-1401	-622
96137920	36	-664	-664	-664	-3583	-1740	-3015	-1828	-1420	-608
96142188	36	-685	-685	-685	-4019	-1442	-1771	-1838	-1441	-594
96146513	36	-707	-707	-707	-1574	-1748	-203	-1848	-1452	-576
96150842	36	-742	-742	-742	478	-1221	1703	-1854	-1457	-554
96155163	36	-766	-766	-766	-100	-2142	225	-1863	-1464	-540
96159463	36	-785	-785	-785	521	-4334	-2617	-1880	-1469	-538
96163875	36	-800	-800	-800	777	-5325	-4068	-1899	-1473	-544
96168167	36	-829	-829	-829	-2872	-3328	-4024	-1909	-1491	-551
96172582	36	-843	-843	-843	-4361	-2929	-2204	-1917	-1516	-553
96176890	36	-843	-843	-843	-2438	-2947	-986	-1925	-1533	-552
96181269	36	-865	-865	-865	-2687	-777	348	-1924	-1551	-546
96185576	36	-890	-890	-890	-2266	-1030	596	-1923	-1568	-540
96189854	36	-903	-903	-903	1062	-4186	-1109	-1934	-1572	-542
96194278	36	-897	-897	-897	1391	-4966	-2674	-1948	-1575	-551
96198574	36	-904	-904	-904	-1416	-2984	-4035	-1954	-1589	-564
96202889	36	-920	-920	-920	-1285	-3823	-3965	-1962	-1603	-579
96207189	36	-923	-923	-923	124	-3844	-3659	-1970	-1611	-593
96211507	36	-943	-943	-943	-2054	-945	-2881	-1967	-1627	-604
96215796	36	-958	-958	-958	-2922	-1151	-904	-1965	-1648	-609
96220129	36	-965	-965	-965	-1111	-2946	-533	-1969	-1661	-612
96224522	36	-968	-968	-968	-586	-3738	228	-1976	-1672	-613
96228834	36	-968	-968	-968	-3064	-4365	-798	-1986	-1693	-617
96233215	36	-969	-969	-969	-2650	-5461	-2714	-1999	-1712	-630
96237538	36	-966	-966	-966	-467	-4794	-3486	-2010	-1723	-645
96241832	36	-992	-992	-992	-2093	-2295	-4640	-2011	-1740	-665
96246221	36	-1003	-1003	-1003	-2362	-3119	-3506	-2015	-1759	-681
96250558	36	-989	-989	-989	-477	-4488	-3328	-2024	-1769	-697
96254971	36	-1006	-1006	-1006	-1886	-2231	-3171	-2024	-1786	-711
96259274	36	-1021	-1021	-1021	-3124	-2146	-1327	-2024	-1807	-719
96263562	36	-1023	-1023	-1023	-339	-5263	-420	-2036	-1818	-724
96267862	36	-1012	-1012	-1012	2467	-5428	748	-2048	-1818	-725
96272273	36	-1018	-1018	-1018	1066	-2770	13	-2051	-1823	-728
96276727	36	-1043	-1043	-1043	903	-3244	-447	-2055	-1829	-732
96281161	36	-1029	-1029	-1029	2584	-4798	-983	-2065	-1829	-740
96285694	36	-1026	-1026	-1026	189	-2431	-2734	-2065	-1837	-753
96290130	36	-1034	-1034	-1034	-2950	-1106	-1662	-2060	-1858	-763
96294658	36	-1039	-1039	-1039	-1842	-3075	-1917	-2063	-1875	-774
96299113	36	-1055	-1055	-1055	-1584	-3652	-2141	-2069	-1890	-786
96303498	36	-1056	-1056	-1056	-2909	-3828	-2212	-2075	-1911	-798
96308033	36	-1061	-1061	-1061	-489	-5500	-3424	-2087	-1923	-815
96312464	36	-1063	-1063	-1063	1299	-5194	-2279	-2098	-1927	-827
96316975	36	-1054	-1054	-1054	-789	-3420	-3995	-2102	-1940	-846
96321419	36	-1039	-1039	-1039	-732	-3908	-5329	-2108	-1952	-870
96325831	36	-1030	-1030	-1030	1826	-3473	-4544	-2112	-1954	-891
96330262	36	-1063	-1063	-1063	934	-1895	-5712	-2110	-1959	-917
96334676	36	-1064	-1064	-1064	-1006	-3691	-4826	-2115	-1973	-939
96339128	36	-1027	-1027	-1027	362	-5420	-4820	-2126	-1980	-961
96343549	36	-1041	-1041	-1041	215	-3069	-5529	-2129	-1988	-986
96348064	36	-1057	-1057	-1057	-1352	-2494	-5113	-2129	-2003	-1009
96352484	36	-1051	-1051	-1051	1141	-4118	-6207	-2135	-2008	-1037
96356983	36	-1046	-1046	-1046	2934	-1886	-5578	-2133	-2005	-1062
96361394	36	-1055	-1055	-1055	638	85	-5822	-2124	-2012	-1087
96365810	36	-1062	-1062	-1062	525	-2051	-6246	-2123	-2019	-1114
96370368	36	-1031	-1031	-1031	1178	-3686	-4091	-2127	-2023	-1133
96374798	36	-1033	-1033	-1033	-2121	-2388	-5296	-2127	-2040	-1157
96379347	36	-1039	-1039	-1039	-3938	-3242	-5913	-2130	-2064	-1183
96383782	36	-1012	-1012	-1012	-1664	-4383	-6792	-2138	-2079	-1213
96388225	36	-1022	-1022	-1022	-1504	-1935	-7837	-2136	-2093	-1246
96392698	36	-1025	-1025	-1025	-2450	-2129	-6329	-2135	-2111	-1274
96397113	36	-1009	-1009	-1009	-396	-4172	-8037	-2141	-2120	-1308
96401564	36	-1020	-1020	-1020	-493	-2559	-8326	-2141	-2130	-1342
96405977	36	-1028	-1028	-1028	-3465	-1923	-7255	-2139	-2152	-1373
96410508	36	-1020	-1020	-1020	-3092	-4397	-7437	-2147	-2172	-1404
96414947	36	-1003	-1003	-1003	-1587	-4582	-5613	-2155	-2185	-1429
96419479	36	-1020	-1020	-1020	-3089	-2750	-6755	-2157	-2205	-1457
96423946	36	-1033	-1033	-1033	-2967	-3925	-7761	-2163	-2225	-1489
96428458	36	-990	-990	-990	-1467	-5318	-7321	-2173	-2237	-1520
96485170	36	-957	-957	-957	-898	-4922	-8401	-2184	-2248	-1556
96489621	36	-938	-938	-938	-1512	-4266	-8435	-2192	-2260	-1591
96493987	36	-893	-893	-893	-2174	-5312	-7160	-2205	-2274	-1621
96498275	36	-829	-829	-829	-2026	-7575	-7216	-2227	-2286	-1649
96502589	36	-777	-777	-777	-3344	-7363	-8101	-2247	-2302	-1681
96507334	36	-733	-733	-733	-4096	-7680	-6251	-2269	-2321	-1705
96511685	36	-691	-691	-691	-2498	-8727	-5538	-2295	-2333	-1726
96515993	36	-660	-660	-660	-1261	-7917	-4972	-2317	-2339	-1744
96520322	36	-628	-628	-628	-819	-8027	-4767	-2340	-2343	-1761
96524685	36	-594	-594	-594	9	-8960	-6156	-2366	-2344	-1782
96529003	36	-566	-566	-566	-1171	-7933	-5169	-2389	-2348	-1800
96533376	36	-545	-545	-545	-3180	-7239	-5081	-2408	-2360	-1816
96537682	36	-523	-523	-523	-3001	-8204	-5003	-2431	-2371	-1833
96542016	36	-493	-493	-493	-1946	-8737	-3448	-2456	-2377	-1843
96546323	36	-478	-478	-478	-2060	-8697	-4769	-2481	-2383	-1858
96550621	36	-462	-462	-462	-2114	-10147	-5395	-2512	-2389	-1875
96555044	36	-427	-427	-427	-1343	-10490	-4810	-2543	-2392	-1890
96559343	36	-404	-404	-404	-2125	-8279	-5728	-2566	-2397	-1908
96563646	36	-387	-387	-387	-2329	-7538	-4982	-2586	-2403	-1923
96567951	36	-370	-370	-370	-1202	-7679	-4401	-2607	-2405	-1935
96572207	36	-362	-362	-362	-528	-7556	-4792	-2627	-2403	-1949
96576552	36	-349	-349	-349	-218	-9168	-3698	-2653	-2400	-1959
96580843	36	-332	-332	-332	-1120	-10377	-4343	-2683	-2400	-1971
96585266	36	-328	-328	-328	-2784	-9045	-4790	-2708	-2407	-1984
96589560	36	-311	-311	-311	-3045	-9087	-4186	-2734	-2414	-1995
96594003	36	-287	-287	-287	-1856	-8935	-4314	-2759	-2417	-2007
96598323	36	-280	-280	-280	-1595	-6457	-3030	-2774	-2418	-2013
96602681	36	-275	-275	-275	-1645	-6860	-2474	-2791	-2419	-2017
96607031	36	-255	-255	-255	-378	-9806	-3245	-2819	-2415	-2024
96611351	36	-224	-224	-224	-1076	-10584	-3558	-2850	-2414	-2032
96615724	36	-216	-216	-216	-3032	-9126	-4280	-2875	-2419	-2042
96620036	36	-212	-212	-212	-2302	-9657	-3527	-2903	-2422	-2050
96624348	36	-188	-188	-188	101	-10021	-2519	-2932	-2415	-2054
96628670	36	-178	-178	-178	-378	-7595	-2909	-2951	-2410	-2059
96632965	36	-172	-172	-172	-1654	-7824	-2595	-2971	-2410	-2063
96637246	36	-151	-151	-151	-1441	-9944	-3535	-3000	-2409	-2070
96693905	36	-132	-132	-132	-1390	-10463	-4785	-3030	-2407	-2083
96698355	36	-39	-39	-39	-2396	-9606	-3801	-3056	-2407	-2090
96702674	36	118	118	118	-5154	-9399	-3809	-3082	-2416	-2097
96707065	36	260	260	260	-4580	-10823	-4616	-3114	-2420	-2106
96711351	36	392	392	392	-4012	-10501	-5111	-3145	-2419	-2117
96715666	36	485	485	485	-3510	-7676	-7867	-3164	-2415	-2137
96720066	36	571	571	571	-1671	-7564	-8394	-3184	-2403	-2158
96724346	36	688	688	688	-1031	-10245	-7948	-3213	-2387	-2176
96728716	36	788	788	788	-328	-9312	-7555	-3239	-2366	-2192
96733027	36	856	856	856	-2602	-7550	-4591	-3259	-2353	-2197
96737396	36	927	927	927	-2331	-9295	-3544	-3285	-2338	-2197
96741685	36	1001	1001	1001	-2092	-9941	-2711	-3314	-2320	-2193
96745959	36	1050	1050	1050	-3090	-7734	-2836	-3334	-2306	-2190
96750273	36	1068	1068	1068	-1906	-7595	-5050	-3354	-2287	-2195
96754571	36	1101	1101	1101	-1699	-9634	-6563	-3381	-2267	-2204
96758887	36	1149	1149	1149	-486	-9031	-8513	-3406	-2242	-2222
96763182	36	1189	1189	1189	-1245	-7514	-8246	-3425	-2219	-2237
96767553	36	1249	1249	1249	-1191	-8304	-6486	-3447	-2194	-2246
96771838	36	1299	1299	1299	376	-8363	-5669	-3469	-2163	-2252
96776138	36	1307	1307	1307	-794	-6822	-3664	-3485	-2137	-2249
96780546	36	1335	1335	1335	-74	-7703	-5036	-3505	-2107	-2252
96784838	36	1378	1378	1378	-550	-8327	-6749	-3527	-2079	-2260
96789184	36	1387	1387	1387	-3382	-5001	-7035	-3536	-2062	-2270
96793470	36	1375	1375	1375	-2420	-3994	-9344	-3541	-2041	-2289
96797818	36	1384	1384	1384	-1879	-6198	-8727	-3555	-2018	-2305
96802159	36	1411	1411	1411	-1137	-5534	-9151	-3566	-1991	-2323
96806453	36	1422	1422	1422	-1040	-3738	-9642	-3570	-1965	-2342
96810741	36	1441	1441	1441	-2868	-5179	-6548	-3580	-1945	-2349
96815076	36	1491	1491	1491	-1044	-6449	-5256	-3594	-1917	-2350
96819364	36	1505	1505	1505	-1397	-3692	-4117	-3599	-1891	-2348
96823688	36	1519	1519	1519	-1269	-3256	-3988	-3601	-1864	-2345
96828002	36	1550	1550	1550	-961	-3600	-6281	-3605	-1835	-2351
96832401	36	1532	1532	1532	-3001	-28	-7528	-3595	-1815	-2361
96836706	36	1521	1521	1521	-1844	-26	-9573	-3585	-1790	-2380
96841130	36	1541	1541	1541	-2388	-3246	-10911	-3587	-1767	-2403
96845461	36	1551	1551	1551	-2142	-2210	-10704	-3585	-1744	-2425
96849847	36	1536	1536	1536	-1926	153	-10655	-3574	-1719	-2447
96854291	36	1533	1533	1533	-2453	-1638	-8649	-3571	-1697	-2461
96858717	36	1568	1568	1568	956	-2890	-7695	-3572	-1662	-2471
96863241	36	1576	1576	1576	806	-117	-6854	-3564	-1627	-2478
96867690	36	1578	1578	1578	124	-104	-4494	-3555	-1594	-2476
96872106	36	1611	1611	1611	-360	-899	-3261	-3549	-1564	-2468
96876568	36	1610	1610	1610	-4114	2276	-1653	-3532	-1547	-2455
96880989	36	1608	1608	1608	-3664	2005	-3263	-3515	-1529	-2449
96885420	36	1637	1637	1637	-2470	-1106	-5032	-3511	-1506	-2449
96889830	36	1637	1637	1637	-2462	26	-3379	-3502	-1484	-2443
96894367	36	1606	1606	1606	-1970	323	-5449	-3491	-1459	-2445
96898792	36	1602	1602	1602	-3378	-3291	-6610	-3495	-1441	-2450
96903310	36	1609	1609	1609	-2026	-2902	-7633	-3498	-1417	-2460
96907754	36	1596	1596	1596	-309	523	-10054	-3487	-1387	-2479
96912207	36	1593	1593	1593	-1426	-331	-8312	-3480	-1361	-2491
96916683	36	1604	1604	1604	-173	-1061	-8533	-3476	-1331	-2504
96921094	36	1596	1596	1596	-310	1169	-8729	-3463	-1301	-2518
96925614	36	1595	1595	1595	-1602	29	-6839	-3456	-1276	-2524
96930021	36	1624	1624	1624	-601	-1964	-7459	-3455	-1247	-2532
96934437	36	1651	1651	1651	-2303	-114	-6792	-3448	-1225	-2538
96938855	36	1650	1650	1650	-3158	15	-6757	-3440	-1205	-2544
96943276	36	1647	1647	1647	-1913	-2079	-6726	-3441	-1181	-2550
96947715	36	1646	1646	1646	-774	-1418	-3860	-3439	-1153	-2545
96952170	36	1618	1618	1618	1376	-1072	-5209	-3436	-1117	-2545
96956718	36	1618	1618	1618	446	-3659	-6399	-3442	-1085	-2549
96961147	36	1626	1626	1626	-1983	-3908	-7016	-3450	-1062	-2556
96965667	36	1599	1599	1599	-268	-2533	-11027	-3452	-1033	-2578
96970136	36	1603	1603	1603	-291	-4409	-11551	-3461	-1004	-2602
96974658	36	1600	1600	1600	-294	-4194	-12423	-3469	-976	-2630
96979123	36	1590	1590	1590	3344	-3078	-13074	-3473	-933	-2660
96983639	36	1594	1594	1594	2675	-4483	-11206	-3482	-893	-2682
96988063	36	1567	1567	1567	2321	-4164	-12726	-3491	-856	-2709
96992489	36	1566	1566	1566	3606	-4958	-12631	-3502	-813	-2737
96996917	36	1576	1576	1576	1185	-4882	-10955	-3513	-780	-2758
97001369	36	1555	1555	1555	-1431	-2099	-9952	-3514	-757	-2775
97006264	36	1554	1554	1554	-1694	-2260	-7178	-3515	-736	-2782
97062970	36	1565	1565	1565	-1184	-3314	-5718	-3520	-712	-2782
97067444	36	1543	1543	1543	-2527	-2428	-6079	-3519	-694	-2785
97071737	36	1495	1495	1495	-5568	-1483	-4937	-3514	-688	-2785
97076131	36	1460	1460	1460	-5661	-2328	-2282	-3512	-684	-2776
97080424	36	1451	1451	1451	-5743	-2434	29	-3510	-680	-2760
97084732	36	1431	1431	1431	-5719	457	1797	-3497	-676	-2739
97089128	36	1393	1393	1393	-1821	402	1826	-3484	-658	-2718
97093408	36	1371	1371	1371	-1415	-1351	624	-3477	-638	-2703
97097800	36	1339	1339	1339	-2531	-367	-2667	-3466	-624	-2701
97102078	36	1310	1310	1310	-1289	-1670	-6104	-3459	-605	-2712
97106505	36	1306	1306	1306	-2595	-2824	-5932	-3457	-592	-2724
97110800	36	1277	1277	1277	-5335	34	-6825	-3444	-589	-2740
97115123	36	1248	1248	1248	-3874	29	-7022	-3432	-582	-2757
97119411	36	1248	1248	1248	-1951	-2111	-4121	-3427	-567	-2764
97123705	36	1248	1248	1248	-1850	-122	-2195	-3415	-551	-2762
97128035	36	1239	1239	1239	-1565	1943	-497	-3395	-535	-2755
97132300	36	1233	1233	1233	182	-109	135	-3383	-512	-2746
97136648	36	1241	1241	1241	155	-446	-559	-3373	-490	-2739
97141014	36	1228	1228	1228	-3648	2842	135	-3350	-482	-2730
97145351	36	1214	1214	1214	-3253	2213	550	-3329	-473	-2720
97149713	36	1216	1216	1216	-2612	1205	741	-3312	-461	-2709
97154019	36	1204	1204	1204	-5892	3653	-967	-3286	-462	-2705
97158425	36	1179	1179	1179	-5202	3370	-3118	-3261	-462	-2709
97162737	36	1186	1186	1186	-2480	786	-4044	-3246	-450	-2717
97167034	36	1178	1178	1178	-906	1696	-6261	-3227	-433	-2734
97171424	36	1154	1154	1154	555	2434	-5861	-3206	-410	-2748
97175673	36	1158	1158	1158	1876	-790	-4487	-3197	-383	-2758
97179965	36	1167	1167	1167	1687	-1388	-3543	-3190	-356	-2764
97184252	36	1159	1159	1159	-1563	758	-1322	-3176	-341	-2761
97188555	36	1152	1152	1152	-1415	-535	363	-3166	-327	-2752
97192833	36	1169	1169	1169	-649	-1292	1794	-3160	-309	-2737
97197094	36	1159	1159	1159	-3850	1915	2320	-3141	-304	-2721
97201479	36	1136	1136	1136	-3431	1687	1656	-3123	-297	-2707
97205764	36	1148	1148	1148	-761	-650	-431	-3114	-281	-2702
97210107	36	1135	1135	1135	-65	1165	-4797	-3098	-261	-2713
97214379	36	1102	1102	1102	-1247	1465	-7171	-3081	-247	-2732
97218648	36	1104	1104	1104	-3063	-2145	-7435	-3078	-240	-2753
97223156	36	1110	1110	1110	-4041	-1892	-6766	-3073	-237	-2771
97227588	36	1103	1103	1103	-6351	1436	-4297	-3056	-242	-2779
97232078	36	1102	1102	1102	-5951	731	-1718	-3043	-246	-2778
97236481	36	1114	1114	1114	-1723	285	504	-3031	-234	-2768
97240878	36	1099	1099	1099	-1141	3215	1674	-3008	-219	-2754
97245301	36	1079	1079	1079	-798	2518	81	-2987	-204	-2745
97249691	36	1099	1099	1099	920	-343	-3453	-2978	-182	-2750
97254129	36	1095	1095	1095	-1270	1008	-5341	-2963	-168	-2762
97258506	36	1060	1060	1060	-4327	2419	-5203	-2943	-167	-2774
97263002	36	1048	1048	1048	-4854	343	-4576	-2931	-168	-2783
97267390	36	1052	1052	1052	-2149	-117	-4021	-2920	-159	-2790
97271884	36	1034	1034	1034	-1932	2795	-2590	-2899	-149	-2792
97276299	36	1028	1028	1028	-1754	2463	-1261	-2879	-138	-2788
97280742	36	1046	1046	1046	2278	1465	-2319	-2863	-113	-2788
97285215	36	1035	1035	1035	1971	4336	-2206	-2836	-88	-2787
97289609	36	1031	1031	1031	1483	3697	-2864	-2811	-65	-2789
97294117	36	1043	1043	1043	1637	2161	-4269	-2792	-42	-2796
97298537	36	1020	1020	1020	-1490	4316	-3349	-2765	-31	-2800
97302940	36	985	985	985	-2154	4176	-3025	-2739	-23	-2803
97307352	36	995	995	995	-2610	543	-3112	-2727	-16	-2805
97311773	36	996	996	996	-2395	478	-2835	-2715	-9	-2807
97316209	36	962	962	962	-862	2458	-3027	-2695	3	-2809
97320640	36	961	961	961	764	639	-3761	-2683	21	-2814
97325150	36	972	972	972	4207	382	-4133	-2671	53	-2820
97329581	36	954	954	954	3672	2524	-2939	-2652	83	-2822
97334115	36	948	948	948	863	1029	-2635	-2638	101	-2822
97338564	36	946	946	946	-1613	-763	-2535	-2631	110	-2822
97343073	36	927	927	927	-4190	355	-334	-2620	109	-2813
97347513	36	911	911	911	-3926	620	78	-2608	108	-2803
97351911	36	913	913	913	-3651	912	441	-2595	108	-2792
97356436	36	897	897	897	-2068	3018	-1417	-2574	115	-2787
97360862	36	859	859	859	357	3983	-3798	-2549	129	-2792
97365307	36	853	853	853	1028	1500	-3597	-2534	147	-2796
97369701	36	847	847	847	871	1321	-3620	-2520	163	-2799
97374112	36	832	832	832	-1674	3375	-2064	-2497	170	-2796
97378544	36	827	827	827	-3255	2755	-1417	-2478	170	-2791
97435191	36	824	824	824	-2884	2098	-1966	-2460	172	-2788
97439645	36	756	756	756	-4035	2001	-1463	-2442	168	-2782
97443951	36	625	625	625	-4770	955	-831	-2428	159	-2775
97448284	36	518	518	518	-3917	-1097	-537	-2421	152	-2769
97452592	36	421	421	421	-4150	-738	-233	-2413	142	-2762
97456987	36	330	330	330	-3209	1765	-431	-2395	135	-2757
97461295	36	251	251	251	437	2930	-810	-2372	140	-2754
97465695	36	187	187	187	2671	3587	-522	-2347	153	-2751
97470005	36	128	128	128	1113	4448	-898	-2319	159	-2750
97474290	36	63	63	63	-693	3819	-2187	-2292	157	-2754
97478643	36	4	4	4	-2410	1864	-3185	-2273	147	-2763
97482945	36	-39	-39	-39	-4739	257	-2323	-2261	128	-2769
97487211	36	-64	-64	-64	-5745	296	-690	-2248	105	-2769
97491530	36	-104	-104	-104	-4276	2633	750	-2226	86	-2764
97495793	36	-137	-137	-137	-377	3988	1288	-2199	82	-2757
97500114	36	-157	-157	-157	1610	4772	-1072	-2169	86	-2760
97504849	36	-187	-187	-187	2116	5105	-3394	-2138	91	-2771
97509292	36	-220	-220	-220	1957	4000	-3818	-2110	95	-2785
97513599	36	-248	-248	-248	-814	2304	-2987	-2090	87	-2795
97517971	36	-255	-255	-255	-3623	774	-1890	-2075	69	-2801
97522284	36	-267	-267	-267	-4699	1389	-1507	-2058	47	-2806
97526621	36	-284	-284	-284	-3077	2953	-462	-2035	30	-2808
97530997	36	-296	-296	-296	785	4199	-853	-2007	28	-2810
97535341	36	-293	-293	-293	4315	3633	-1774	-1981	40	-2817
97539676	36	-302	-302	-302	5085	4093	-1890	-1953	55	-2824
97543991	36	-325	-325	-325	2740	4714	-3156	-1923	60	-2835
97548282	36	-334	-334	-334	-178	2317	-3843	-1902	54	-2850
97552627	36	-338	-338	-338	-2528	1231	-3538	-1886	39	-2863
97556908	36	-346	-346	-346	-4874	2215	-2018	-1866	14	-2871
97561197	36	-354	-354	-354	-4511	2827	-1289	-1843	-9	-2876
97565478	36	-351	-351	-351	-1140	2279	-839	-1823	-18	-2880
97569856	36	-330	-330	-330	1740	2148	-1073	-1803	-17	-2884
97574176	36	-331	-331	-331	1182	4313	-3028	-1774	-17	-2896
97578571	36	-354	-354	-354	772	4590	-3027	-1745	-20	-2907
97582887	36	-362	-362	-362	2121	2831	-2456	-1722	-17	-2917
97587176	36	-359	-359	-359	-11	2283	-1628	-1701	-23	-2923
97591569	36	-362	-362	-362	-3576	1909	-966	-1683	-42	-2927
97595969	36	-368	-368	-368	-3177	1151	-1382	-1667	-60	-2933
97600554	36	-350	-350	-350	-1611	510	-975	-1653	-72	-2937
97604975	36	-341	-341	-341	-1766	2381	-1203	-1632	-84	-2941
97609369	36	-331	-331	-331	-433	2759	-1198	-1609	-90	-2946
97613802	36	-320	-320	-320	2136	2682	-1364	-1587	-87	-2952
97618237	36	-342	-342	-342	2263	4227	-1865	-1559	-83	-2959
97622698	36	-349	-349	-349	1401	2124	-1311	-1539	-83	-2964
97627114	36	-341	-341	-341	52	355	-1261	-1526	-88	-2969
97631664	36	-339	-339	-339	-3563	1338	-295	-1510	-106	-2970
97636101	36	-341	-341	-341	-5504	2521	-372	-1488	-132	-2971
97640603	36	-326	-326	-326	-3690	2472	-879	-1467	-150	-2975
97645032	36	-298	-298	-298	-955	3534	276	-1442	-158	-2975
97649451	36	-305	-305	-305	718	5566	-454	-1408	-159	-2976
97653974	36	-317	-317	-317	2595	3829	-1811	-1382	-154	-2984
97658406	36	-312	-312	-312	3563	746	-2318	-1367	-144	-2992
97662936	36	-306	-306	-306	1329	-249	-2740	-1356	-143	-3003
97667328	36	-304	-304	-304	-2740	1126	-2176	-1341	-158	-3011
97671774	36	-304	-304	-304	-3412	2566	-1125	-1319	-175	-3015
97676210	36	-288	-288	-288	-2816	2451	363	-1298	-190	-3014
97680642	36	-278	-278	-278	-2722	3915	-320	-1272	-204	-3016
97685087	36	-281	-281	-281	48	4184	-922	-1244	-208	-3019
97689480	36	-266	-266	-266	2834	1088	-1328	-1228	-200	-3025
97694021	36	-259	-259	-259	1414	837	-3375	-1213	-198	-3037
97698439	36	-249	-249	-249	-194	981	-3760	-1198	-202	-3051
97702986	36	-250	-250	-250	995	955	-4200	-1183	-201	-3067
97707402	36	-252	-252	-252	-428	2833	-3421	-1160	-206	-3080
97711918	36	-237	-237	-237	-3102	3146	-2436	-1137	-221	-3089
97716317	36	-231	-231	-231	-2209	2312	-1995	-1116	-232	-3097
97720749	36	-219	-219	-219	-240	1634	-652	-1099	-235	-3099
97725271	36	-208	-208	-208	-38	1595	-1383	-1081	-238	-3104
97729650	36	-190	-190	-190	420	81	-2117	-1069	-238	-3112
97734089	36	-170	-170	-170	1832	472	-2918	-1056	-233	-3122
97738480	36	-183	-183	-183	1185	2413	-4325	-1035	-230	-3138
97742901	36	-184	-184	-184	153	528	-3532	-1022	-231	-3151
97747294	36	-172	-172	-172	-925	-71	-2767	-1010	-237	-3161
97803795	36	-168	-168	-168	-2236	1052	-2826	-995	-247	-3171
97808242	36	-163	-163	-163	-2589	2587	-2536	-976	-259	-3178
97812542	36	-163	-163	-163	-2607	4026	-2317	-951	-270	-3184
97816905	36	-162	-162	-162	-722	3433	-2206	-930	-274	-3189
97821188	36	-163	-163	-163	961	3179	-2426	-910	-272	-3194
97825550	36	-173	-173	-173	766	2497	-2954	-893	-271	-3200
97829817	36	-183	-183	-183	-1203	1841	-3183	-880	-277	-3207
97834153	36	-186	-186	-186	-4117	1567	-3103	-868	-295	-3212
97838477	36	-183	-183	-183	-6189	1339	-2025	-857	-320	-3213
97842812	36	-177	-177	-177	-7300	2554	-699	-842	-350	-3209
97847200	36	-180	-180	-180	-5823	3947	386	-822	-374	-3200
97851530	36	-187	-187	-187	-2056	3668	812	-803	-383	-3190
97855794	36	-195	-195	-195	-374	3234	31	-787	-386	-3182
97860106	36	-207	-207	-207	-520	2518	-1062	-774	-390	-3178
97864401	36	-215	-215	-215	-908	1219	-2237	-766	-395	-3178
97868704	36	-219	-219	-219	-3239	1382	-2711	-757	-409	-3180
97872998	36	-217	-217	-217	-5356	2010	-2463	-746	-432	-3181
97877366	36	-220	-220	-220	-6233	2645	-2234	-733	-457	-3181
97881677	36	-236	-236	-236	-4958	3912	-936	-716	-478	-3176
97886074	36	-245	-245	-245	-1687	3855	576	-699	-487	-3165
97890388	36	-240	-240	-240	502	1988	1048	-689	-487	-3152
97894667	36	-248	-248	-248	727	1879	147	-680	-486	-3143
97899066	36	-261	-261	-261	-818	2201	-1570	-670	-491	-3139
97903359	36	-266	-266	-266	-3110	1465	-3188	-662	-505	-3143
97907800	36	-269	-269	-269	-5588	2249	-3040	-652	-529	-3145
97912098	36	-275	-275	-275	-6804	3448	-820	-638	-558	-3140
97916429	36	-288	-288	-288	-6337	3404	736	-624	-584	-3128
97920743	36	-296	-296	-296	-4809	2227	1780	-615	-605	-3112
97925091	36	-291	-291	-291	-2098	1267	1385	-609	-615	-3098
97929390	36	-291	-291	-291	-908	2086	-25	-601	-621	-3089
97933723	36	-303	-303	-303	-2243	2833	71	-590	-632	-3079
97938117	36	-309	-309	-309	-2790	2190	594	-581	-645	-3068
97942405	36	-313	-313	-313	-4244	2655	1206	-571	-664	-3055
97946762	36	-330	-330	-330	-6427	3704	1397	-557	-691	-3041
97951148	36	-337	-337	-337	-6668	2384	1018	-549	-720	-3028
97955431	36	-330	-330	-330	-5627	313	1038	-548	-744	-3016
97959934	36	-335	-335	-335	-5082	1188	1334	-544	-766	-3002
97964374	36	-351	-351	-351	-4177	2871	1578	-534	-784	-2988
97968885	36	-358	-358	-358	-2218	2887	1213	-524	-795	-2975
97973290	36	-355	-355	-355	-1011	3089	155	-513	-802	-2966
97977731	36	-361	-361	-361	-2223	3381	-1191	-501	-813	-2962
97982127	36	-378	-378	-378	-4432	2512	-2014	-493	-833	-2962
97986598	36	-391	-391	-391	-5880	1157	-2186	-490	-858	-2962
97991035	36	-387	-387	-387	-6450	300	-1002	-490	-886	-2958
97995488	36	-387	-387	-387	-7760	1678	265	-485	-918	-2949
98000006	36	-395	-395	-395	-6879	3047	87	-475	-948	-2940
98004959	36	-388	-388	-388	-2518	2441	-99	-468	-960	-2933
98009424	36	-391	-391	-391	-802	3710	-90	-455	-965	-2926
98013837	36	-412	-412	-412	-1585	4270	-530	-441	-974	-2920
98018254	36	-427	-427	-427	-2844	1956	-438	-436	-988	-2914
98022806	36	-427	-427	-427	-5240	418	-450	-437	-1011	-2908
98027231	36	-423	-423	-423	-8114	620	-601	-437	-1045	-2902
98031756	36	-422	-422	-422	-9483	1721	142	-433	-1084	-2894
98036173	36	-424	-424	-424	-7233	2552	490	-426	-1115	-2886
98040621	36	-425	-425	-425	-2835	3286	1412	-416	-1128	-2873
98045080	36	-440	-440	-440	-1851	4697	2061	-401	-1138	-2858
98049493	36	-460	-460	-460	-914	3922	974	-389	-1144	-2847
98053915	36	-461	-461	-461	-403	1099	-891	-388	-1149	-2843
98058349	36	-456	-456	-456	-3600	45	-1744	-391	-1165	-2843
98062912	36	-460	-460	-460	-7087	636	-1573	-391	-1195	-2842
98067330	36	-474	-474	-474	-7772	1884	-860	-388	-1228	-2839
98071875	36	-473	-473	-473	-4499	2951	711	-380	-1248	-2830
98076330	36	-467	-467	-467	-1037	3637	1374	-369	-1255	-2818
98080854	36	-473	-473	-473	-72	3610	795	-359	-1258	-2808
98085292	36	-490	-490	-490	1689	2478	-778	-353	-1254	-2804
98089699	36	-499	-499	-499	1452	847	-2344	-354	-1251	-2807
98094240	36	-505	-505	-505	-2632	670	-2876	-355	-1265	-2811
98098668	36	-513	-513	-513	-6132	1051	-2733	-355	-1292	-2815
98103097	36	-509	-509	-509	-6402	1157	-2273	-354	-1319	-2818
98107506	36	-510	-510	-510	-4447	2422	-2306	-349	-1339	-2821
98111920	36	-510	-510	-510	-2463	2678	-2161	-342	-1352	-2823
98116365	36	-516	-516	-516	-143	2115	-1455	-338	-1355	-2822
98172979	36	-518	-518	-518	778	2054	-1221	-334	-1355	-2821
98177454	36	-475	-475	-475	-872	1610	-129	-332	-1361	-2816
98181699	36	-401	-401	-401	-3318	1210	139	-331	-1375	-2809
98186072	36	-348	-348	-348	-2600	1668	322	-328	-1385	-2801
98190368	36	-296	-296	-296	595	1057	1306	-327	-1382	-2788
98194770	36	-234	-234	-234	4007	445	849	-328	-1365	-2777
98199100	36	-200	-200	-200	5615	2035	926	-323	-1341	-2764
98203477	36	-178	-178	-178	3688	2328	674	-316	-1325	-2752
98207771	36	-140	-140	-140	454	672	-443	-315	-1320	-2744
98212055	36	-107	-107	-107	-2441	-118	-787	-318	-1326	-2738
98216474	36	-80	-80	-80	-4917	-434	-1187	-321	-1341	-2732
98220785	36	-60	-60	-60	-5540	-608	-1437	-325	-1358	-2728
98225155	36	-36	-36	-36	-2993	-1270	-849	-331	-1364	-2720
98229452	36	-3	-3	-3	1082	-657	-506	-334	-1355	-2711
98233735	36	7	7	7	2333	1531	-400	-329	-1340	-2702
98238027	36	13	13	13	2350	1144	-1263	-325	-1326	-2695
98242268	36	27	27	27	1814	142	-1725	-326	-1313	-2690
98246702	36	40	40	40	-1218	-139	-1835	-327	-1312	-2686
98250967	36	45	45	45	-4422	-1035	-2784	-331	-1323	-2685
98255365	36	53	53	53	-5672	-2076	-2222	-340	-1339	-2682
98259634	36	79	79	79	-4253	-2648	-1809	-350	-1349	-2677
98263990	36	92	92	92	-1388	-884	-1055	-354	-1347	-2668
98268351	36	89	89	89	124	1206	171	-349	-1340	-2656
98272672	36	88	88	88	1919	1103	-65	-345	-1326	-2643
98277044	36	93	93	93	3140	698	-1110	-342	-1307	-2636
98281347	36	97	97	97	340	-4	-2355	-342	-1299	-2632
98285649	36	99	99	99	-2851	-1975	-2890	-350	-1303	-2631
98289983	36	107	107	107	-4906	-3158	-2385	-362	-1315	-2628
98294285	36	114	114	114	-5539	-2268	-1411	-371	-1329	-2621
98298585	36	116	116	116	-3972	-192	-568	-371	-1338	-2610
98302898	36	117	117	117	-923	840	-219	-368	-1334	-2599
98307252	36	116	116	116	2755	1226	-159	-363	-1316	-2587
98311574	36	112	112	112	3953	1201	-806	-358	-1294	-2577
98315856	36	106	106	106	1189	-376	-2153	-359	-1283	-2573
98320249	36	100	100	100	-2358	-2062	-2277	-367	-1285	-2569
98324540	36	110	110	110	-5249	-2934	-3344	-378	-1298	-2569
98328944	36	113	113	113	-7390	-1715	-3539	-384	-1320	-2570
98333362	36	116	116	116	-6102	-262	-2001	-385	-1336	-2565
98337876	36	123	123	123	-1948	443	-1268	-383	-1336	-2557
98342311	36	107	107	107	2120	2128	17	-374	-1321	-2545
98346768	36	94	94	94	3602	1636	108	-368	-1300	-2532
98351172	36	92	92	92	1883	-1046	-980	-372	-1287	-2523
98355581	36	88	88	88	-1403	-2158	-1680	-380	-1285	-2517
98359998	36	91	91	91	-5150	-2441	-2681	-389	-1299	-2514
98364419	36	89	89	89	-7771	-1398	-2597	-394	-1322	-2512
98368925	36	90	90	90	-6214	-233	-1671	-395	-1339	-2506
98373322	36	98	98	98	-1648	672	-900	-392	-1339	-2497
98377748	36	82	82	82	1408	2484	315	-382	-1327	-2483
98382251	36	67	67	67	3483	1064	15	-377	-1307	-2471
98386698	36	67	67	67	2782	-1318	-520	-382	-1290	-2460
98391233	36	61	61	61	-1090	-1493	-1529	-388	-1288	-2454
98395647	36	58	58	58	-4874	-1794	-3653	-394	-1301	-2455
98400161	36	60	60	60	-7123	-1363	-3277	-399	-1322	-2456
98404565	36	66	66	66	-5230	-334	-2407	-400	-1336	-2453
98409013	36	66	66	66	-772	1106	-1493	-396	-1332	-2447
98413396	36	44	44	44	1331	2617	754	-386	-1321	-2432
98417827	36	33	33	33	3186	793	180	-383	-1303	-2419
98422208	36	31	31	31	2771	-1066	-1528	-387	-1287	-2413
98426682	36	25	25	25	-1469	-1223	-2071	-391	-1287	-2409
98431206	36	27	27	27	-5208	-1744	-3969	-398	-1302	-2412
98435637	36	22	22	22	-7508	-918	-4051	-401	-1325	-2416
98440165	36	27	27	27	-5659	-48	-3455	-402	-1341	-2418
98444587	36	27	27	27	-1271	986	-3141	-398	-1340	-2418
98449041	36	5	5	5	2024	1656	-1200	-391	-1327	-2411
98453572	36	-1	-1	-1	4980	44	-1141	-391	-1303	-2404
98458014	36	-5	-5	-5	4282	-616	-862	-394	-1281	-2395
98462533	36	-15	-15	-15	-138	-1060	-320	-398	-1277	-2385
98466954	36	-5	-5	-5	-4034	-2027	-2242	-406	-1287	-2382
98471380	36	-5	-5	-5	-6375	-760	-2727	-409	-1307	-2382
98475776	36	-16	-16	-16	-4562	198	-1946	-408	-1320	-2379
98480207	36	-18	-18	-18	-1302	750	-2033	-406	-1320	-2375
98484617	36	-28	-28	-28	1571	1285	-856	-401	-1309	-2368
98541260	36	-30	-30	-30	3397	969	228	-398	-1291	-2356
98546158	36	-29	-29	-29	2900	-509	-366	-400	-1275	-2347
98550488	36	-29	-29	-29	2237	-2856	-956	-410	-1262	-2341
98554855	36	-21	-21	-21	-117	-3700	-1341	-423	-1258	-2337
98559161	36	-19	-19	-19	-2709	-2393	-599	-431	-1264	-2329
98563553	36	-19	-19	-19	-1771	-895	1210	-433	-1266	-2316
98567848	36	-17	-17	-17	1624	16	1489	-432	-1255	-2301
98572117	36	-27	-27	-27	3727	1320	1164	-424	-1236	-2288
98576546	36	-29	-29	-29	4235	385	214	-420	-1215	-2279
98580822	36	-22	-22	-22	3572	-1658	-1397	-424	-1197	-2276
98585232	36	-15	-15	-15	911	-2993	-1361	-433	-1189	-2273
98589513	36	-10	-10	-10	-2656	-3757	-523	-445	-1195	-2267
98593808	36	-2	-2	-2	-3530	-3224	-311	-455	-1204	-2260
98598101	36	1	1	1	-1056	-2250	316	-461	-1203	-2251
98602369	36	-3	-3	-3	2274	-832	552	-461	-1190	-2241
98606726	36	-8	-8	-8	3832	434	613	-456	-1170	-2230
98611033	36	-4	-4	-4	4554	-662	1069	-455	-1148	-2218
98615366	36	6	6	6	3632	-1646	-818	-459	-1129	-2214
98619639	36	14	14	14	-404	-2344	-2823	-464	-1126	-2217
98623943	36	22	22	22	-3998	-3348	-3115	-474	-1137	-2221
98628313	36	30	30	30	-4845	-3300	-2074	-483	-1151	-2221
98632650	36	37	37	37	-1986	-2626	86	-490	-1153	-2213
98637025	36	33	33	33	801	-1209	1374	-491	-1145	-2200
98641338	36	32	32	32	2736	-1035	1567	-492	-1129	-2186
98645733	36	33	33	33	4189	-1617	1293	-495	-1108	-2173
98650048	36	40	40	40	2204	-1186	-1255	-496	-1095	-2170
98654328	36	50	50	50	-1882	-1803	-2569	-499	-1097	-2172
98658636	36	66	66	66	-4232	-2947	-1586	-508	-1107	-2170
98662909	36	77	77	77	-4120	-3028	-652	-516	-1118	-2165
98667163	36	75	75	75	-1484	-2582	1357	-523	-1118	-2152
98671471	36	70	70	70	1512	-1815	1030	-527	-1106	-2140
98675760	36	70	70	70	4016	-2342	-660	-533	-1085	-2134
98680174	36	72	72	72	4736	-2142	-1278	-538	-1062	-2131
98684447	36	80	80	80	1633	-1281	-3251	-539	-1050	-2135
98688869	36	95	95	95	-2173	-2026	-4752	-544	-1052	-2145
98693175	36	104	104	104	-4890	-1791	-3559	-548	-1065	-2151
98697573	36	117	117	117	-4309	-1999	-2718	-552	-1076	-2153
98701970	36	117	117	117	-1105	-2707	-1662	-560	-1074	-2151
98706368	36	113	113	113	1947	-2631	-1088	-567	-1060	-2147
98710850	36	120	120	120	4240	-3447	-1834	-577	-1038	-2145
98715307	36	116	116	116	3059	-2461	-798	-583	-1020	-2140
98719706	36	121	121	121	-679	-1457	-1701	-586	-1017	-2137
98724146	36	147	147	147	-3788	-2127	-4043	-591	-1025	-2144
98728572	36	155	155	155	-5977	-852	-3656	-592	-1041	-2150
98733005	36	158	158	158	-4627	-949	-2711	-593	-1052	-2152
98737426	36	162	162	162	-1266	-2505	-1262	-599	-1050	-2148
98741926	36	161	161	161	1533	-2897	388	-608	-1038	-2137
98746358	36	167	167	167	3200	-3567	-401	-619	-1018	-2129
98750854	36	168	168	168	1480	-3229	-988	-629	-1006	-2124
98755274	36	172	172	172	-1944	-2344	-1677	-635	-1007	-2121
98759697	36	189	189	189	-4287	-1463	-3432	-638	-1016	-2125
98764176	36	197	197	197	-5233	22	-3521	-635	-1029	-2130
98768635	36	203	203	203	-3729	-508	-2300	-634	-1036	-2129
98773146	36	215	215	215	-857	-2158	-265	-640	-1032	-2121
98777588	36	214	214	214	1352	-2895	1317	-649	-1019	-2107
98781979	36	207	207	207	2456	-3571	483	-660	-1002	-2095
98786402	36	208	208	208	325	-3678	-918	-672	-993	-2089
98790816	36	219	219	219	-2399	-2891	-2147	-681	-995	-2088
98795286	36	230	230	230	-3550	-1117	-2747	-683	-1001	-2089
98799820	36	240	240	240	-4058	108	-1487	-680	-1009	-2085
98804274	36	246	246	246	-3537	-2	-1194	-678	-1014	-2080
98808705	36	249	249	249	-936	-1229	-1051	-680	-1010	-2074
98813219	36	247	247	247	1772	-2963	-370	-690	-995	-2066
98817670	36	248	248	248	2426	-4341	-650	-704	-978	-2058
98822201	36	253	253	253	368	-4306	66	-718	-968	-2048
98826675	36	255	255	255	-1522	-2759	1098	-727	-966	-2034
98831209	36	265	265	265	-1485	-1389	-1095	-730	-964	-2029
98835636	36	272	272	272	-2120	-187	-2508	-729	-964	-2028
98840116	36	280	280	280	-1758	499	-2762	-724	-962	-2029
98844570	36	279	279	279	629	-694	-2477	-725	-951	-2028
98849055	36	279	279	279	2852	-2874	-223	-734	-932	-2019
98853530	36	289	289	289	1817	-4283	53	-749	-917	-2008
98857954	36	271	271	271	-1343	-4065	-564	-762	-914	-1984
98914578	36	251	251	251	-2726	-3521	-466	-773	-917	-1946
98919072	36	250	250	250	-2964	-3266	-220	-783	-920	-1911
98923471	36	239	239	239	-3819	-1896	568	-787	-927	-1877
98927798	36	229	229	229	-4142	-818	2073	-787	-936	-1840
98932084	36	208	208	208	-2750	-987	3818	-788	-939	-1799
98936512	36	188	188	188	224	-2719	3256	-795	-932	-1763
98940773	36	174	174	174	3815	-4714	1234	-810	-911	-1736
98945168	36	158	158	158	3326	-4254	342	-823	-892	-1715
98949445	36	144	144	144	-664	-2348	-147	-829	-888	-1697
98953816	36	146	146	146	-2409	-1363	256	-831	-892	-1679
98958116	36	150	150	150	-3363	3	449	-828	-898	-1662
98962399	36	141	141	141	-3947	1452	405	-819	-908	-1646
98966730	36	128	128	128	-1943	632	1113	-813	-910	-1629
98971035	36	115	115	115	1666	-1674	1470	-816	-898	-1611
98975321	36	111	111	111	3608	-3239	1629	-825	-878	-1593
98979576	36	103	103	103	1444	-2914	2227	-833	-868	-1573
98983904	36	100	100	100	-609	-2312	551	-839	-865	-1561
98988288	36	100	100	100	-1207	-1292	-918	-841	-864	-1555
98992620	36	98	98	98	-2491	887	-311	-834	-869	-1548
98996976	36	93	93	93	-2547	2241	-109	-822	-874	-1540
99001264	36	87	87	87	-404	1066	1247	-815	-870	-1527
99006094	36	87	87	87	3058	-912	1591	-815	-854	-1513
99010418	36	78	78	78	3245	-2218	802	-820	-837	-1502
99014699	36	64	64	64	370	-2560	275	-826	-831	-1494
99019092	36	66	66	66	-975	-2404	-983	-832	-830	-1491
99023358	36	71	71	71	-1516	-1261	-1926	-834	-831	-1492
99027657	36	67	67	67	-2709	1115	-970	-826	-837	-1490
99031926	36	73	73	73	-2598	1718	-540	-816	-843	-1486
99036224	36	72	72	72	-275	911	-62	-809	-839	-1480
99040517	36	64	64	64	2184	204	94	-804	-827	-1474
99044817	36	57	57	57	1316	-1303	-156	-806	-817	-1469
99049208	36	55	55	55	-157	-3009	169	-814	-814	-1463
99053480	36	59	59	59	-606	-2799	-662	-821	-812	-1460
99057860	36	56	56	56	-1926	-1064	-710	-822	-815	-1458
99062107	36	50	50	50	-3055	437	-430	-816	-823	-1455
99066456	36	56	56	56	-2522	829	-993	-810	-828	-1454
99070899	36	62	62	62	87	1009	-1496	-802	-823	-1454
99075317	36	53	53	53	1212	797	-1101	-795	-815	-1453
99079836	36	46	46	46	722	-833	-537	-794	-808	-1450
99084229	36	49	49	49	343	-2533	417	-800	-802	-1444
99088619	36	51	51	51	-107	-2438	-323	-806	-799	-1441
99093041	36	47	47	47	-1231	-1530	-1870	-808	-800	-1443
99097410	36	49	49	49	-2510	-1062	-1805	-808	-805	-1446
99101794	36	52	52	52	-1980	196	-1364	-803	-809	-1447
99106189	36	55	55	55	-351	1501	-99	-794	-806	-1442
99110672	36	56	56	56	-382	1149	1201	-785	-803	-1433
99115086	36	58	58	58	-184	-540	1402	-784	-800	-1423
99119569	36	58	58	58	1078	-1932	528	-787	-791	-1417
99123975	36	51	51	51	478	-2019	-170	-790	-786	-1413
99128479	36	46	46	46	-1181	-2110	-700	-794	-786	-1411
99132924	36	54	54	54	-2330	-2070	-490	-798	-791	-1409
99137288	36	61	61	61	-2560	-164	-632	-795	-797	-1407
99141786	36	62	62	62	-2099	1196	-1110	-786	-801	-1407
99146185	36	61	61	61	-1134	849	-1129	-778	-801	-1407
99150614	36	58	58	58	680	533	-348	-772	-794	-1404
99155050	36	57	57	57	1898	-287	860	-769	-783	-1397
99159466	36	53	53	53	1019	-1814	408	-771	-775	-1391
99163858	36	58	58	58	-888	-3246	-578	-779	-774	-1389
99168265	36	62	62	62	-2232	-2778	-1599	-786	-778	-1391
99172794	36	57	57	57	-3224	-344	-1888	-782	-787	-1394
99177167	36	60	60	60	-3305	934	-1152	-774	-795	-1394
99181683	36	73	73	73	-1495	1024	-26	-766	-797	-1389
99186090	36	73	73	73	1191	1380	925	-756	-788	-1382
99190582	36	62	62	62	2624	409	1074	-749	-773	-1373
99194987	36	56	56	56	1512	-2013	-50	-753	-764	-1369
99199361	36	58	58	58	-100	-3306	-1137	-761	-760	-1370
99203856	36	64	64	64	-2216	-2646	-1537	-766	-764	-1371
99208258	36	66	66	66	-4643	-1308	-1449	-766	-778	-1372
99212689	36	77	77	77	-4653	-65	-1744	-761	-792	-1375
99217114	36	82	82	82	-1791	1529	-1774	-751	-794	-1377
99221532	36	72	72	72	1684	2520	-295	-736	-783	-1374
99225931	36	67	67	67	3127	696	346	-728	-767	-1369
99282549	36	77	77	77	3240	-1126	179	-728	-750	-1363
99287005	36	74	74	74	4961	-638	-310	-725	-727	-1360
99291289	36	64	64	64	4920	-626	-1894	-723	-704	-1362
99295667	36	59	59	59	1441	-1475	-3610	-724	-694	-1371
99299939	36	65	65	65	-1926	-1769	-2955	-727	-698	-1377
99304263	36	74	74	74	-4596	-1127	-1974	-727	-712	-1380
99308557	36	71	71	71	-5287	-753	-1358	-726	-728	-1380
99312937	36	76	76	76	-3540	-1207	-1316	-727	-737	-1379
99317192	36	82	82	82	-73	-729	-2697	-727	-733	-1384
99321488	36	69	69	69	3327	802	-1973	-720	-716	-1386
99325831	36	66	66	66	2977	418	-425	-715	-701	-1381
99330119	36	79	79	79	-207	-638	784	-715	-698	-1372
99334404	36	74	74	74	-2608	-208	772	-713	-704	-1364
99338678	36	68	68	68	-4236	-451	-1192	-711	-716	-1363
99342925	36	65	65	65	-5400	-822	-1879	-711	-733	-1364
99347177	36	68	68	68	-4336	-670	-724	-711	-745	-1361
99351505	36	76	76	76	-725	-25	109	-709	-744	-1355
99355892	36	71	71	71	1564	790	439	-703	-734	-1347
99360176	36	65	65	65	1458	413	-787	-698	-724	-1344
99364563	36	61	61	61	911	455	-1771	-694	-717	-1345
99368863	36	52	52	52	-510	995	-970	-687	-715	-1343
99373151	36	51	51	51	-2560	-350	-998	-686	-721	-1341
99377545	36	63	63	63	-5125	-1515	-1225	-689	-737	-1340
99381826	36	63	63	63	-4823	-918	-2024	-690	-751	-1342
99386238	36	52	52	52	-1298	53	-2411	-687	-752	-1346
99390524	36	46	46	46	568	750	-828	-682	-746	-1343
99394766	36	52	52	52	1063	829	1275	-676	-739	-1332
99399061	36	50	50	50	1539	1377	1993	-668	-729	-1319
99403338	36	38	38	38	331	1009	705	-662	-724	-1311
99407633	36	35	35	35	-2141	-939	-1803	-663	-729	-1313
99411901	36	36	36	36	-4087	-1231	-2775	-665	-741	-1318
99416210	36	37	37	37	-4350	-305	-1864	-664	-754	-1320
99420478	36	38	38	38	-2928	-192	-377	-662	-762	-1316
99424774	36	43	43	43	-1315	105	346	-660	-763	-1309
99429146	36	38	38	38	1285	1227	-385	-652	-754	-1305
99433422	36	18	18	18	3358	2244	-587	-641	-738	-1302
99437822	36	9	9	9	2086	952	-522	-635	-727	-1299
99442194	36	22	22	22	-1246	-1292	-358	-637	-728	-1295
99446710	36	25	25	25	-3971	-1234	-1037	-640	-740	-1294
99451115	36	16	16	16	-5146	-677	-2034	-640	-757	-1297
99455508	36	11	11	11	-4498	-467	-2226	-639	-771	-1300
99459905	36	17	17	17	-1761	756	-1155	-634	-774	-1300
99464301	36	15	15	15	2129	2302	971	-622	-763	-1291
99468798	36	3	3	3	3378	2069	1505	-612	-747	-1280
99473179	36	0	0	0	1471	98	-139	-609	-738	-1276
99477624	36	-3	-3	-3	-662	-937	-1817	-610	-738	-1278
99481985	36	-4	-4	-4	-3412	-919	-2251	-611	-748	-1282
99486384	36	-4	-4	-4	-6474	-879	-1189	-612	-770	-1282
99490865	36	8	8	8	-6658	-605	737	-612	-792	-1274
99495317	36	12	12	12	-3390	820	829	-606	-802	-1267
99499801	36	-9	-9	-9	779	2540	506	-593	-796	-1261
99504712	36	-25	-25	-25	2550	1821	63	-583	-783	-1256
99509156	36	-16	-16	-16	1594	-86	237	-581	-774	-1250
99513567	36	-16	-16	-16	-1111	-492	1122	-581	-776	-1242
99517969	36	-17	-17	-17	-4784	-1338	-396	-583	-791	-1239
99522333	36	-13	-13	-13	-7814	-1409	-2450	-586	-818	-1244
99526793	36	-15	-15	-15	-6609	124	-2717	-583	-841	-1250
99531317	36	-12	-12	-12	-1988	1484	-1366	-574	-845	-1251
99535747	36	-18	-18	-18	1034	2156	578	-563	-838	-1245
99540297	36	-18	-18	-18	2241	812	422	-557	-826	-1239
99544699	36	-21	-21	-21	2057	-243	-1269	-555	-815	-1240
99549239	36	-35	-35	-35	-522	-416	-1856	-554	-815	-1243
99553671	36	-34	-34	-34	-4366	-1665	-2509	-557	-829	-1248
99558109	36	-14	-14	-14	-7756	-1279	-1831	-559	-855	-1251
99562640	36	-11	-11	-11	-6874	457	-740	-555	-879	-1250
99567040	36	-20	-20	-20	-2221	1307	-682	-547	-884	-1249
99571471	36	-34	-34	-34	1180	1649	-293	-538	-876	-1247
99575852	36	-34	-34	-34	3641	694	345	-532	-859	-1241
99580275	36	-37	-37	-37	3062	435	1566	-528	-845	-1231
99584660	36	-41	-41	-41	-786	-451	1989	-526	-845	-1220
99589108	36	-24	-24	-24	-4346	-2221	-833	-532	-859	-1219
99593630	36	-25	-25	-25	-6605	-503	-2981	-531	-881	-1227
99598063	36	-32	-32	-32	-4980	1119	-2710	-523	-897	-1234
99654657	36	-26	-26	-26	-2765	795	-2746	-517	-905	-1241
99659162	36	-22	-22	-22	-3065	661	-3655	-512	-913	-1251
99663551	36	-23	-23	-23	-1115	720	-3882	-506	-914	-1262
99667840	36	-27	-27	-27	2854	801	-3671	-500	-900	-1272
99672216	36	-25	-25	-25	4102	248	-3219	-496	-881	-1281
99676561	36	-22	-22	-22	1327	392	-1124	-492	-873	-1280
99680850	36	-25	-25	-25	-1007	1039	-631	-485	-874	-1279
99685270	36	-23	-23	-23	-1666	262	-3000	-481	-877	-1287
99689552	36	-24	-24	-24	-2731	-405	-3936	-479	-884	-1298
99693849	36	-15	-15	-15	-2757	-461	-3826	-478	-892	-1308
99698144	36	-15	-15	-15	-586	-340	-3173	-476	-891	-1316
99702427	36	-21	-21	-21	2066	-181	-1272	-474	-879	-1316
99706734	36	-16	-16	-16	2091	-264	-1811	-472	-868	-1318
99711037	36	-17	-17	-17	286	155	-2894	-468	-864	-1325
99715442	36	-24	-24	-24	-374	798	-3477	-461	-862	-1334
99719720	36	-19	-19	-19	-828	-432	-3846	-460	-862	-1344
99724079	36	-12	-12	-12	-3002	-1081	-2787	-460	-870	-1350
99728342	36	-16	-16	-16	-3725	-440	-2607	-459	-882	-1355
99732658	36	-16	-16	-16	-1070	-1073	-3723	-460	-882	-1365
99737012	36	-18	-18	-18	1242	-1232	-3424	-461	-874	-1373
99741300	36	-9	-9	-9	1075	-597	-2210	-460	-867	-1376
99745686	36	-13	-13	-13	96	412	-657	-455	-863	-1374
99749998	36	-20	-20	-20	-211	723	-795	-449	-861	-1372
99754287	36	-17	-17	-17	-1369	-541	-2879	-448	-863	-1379
99758585	36	-10	-10	-10	-3035	-1269	-4385	-449	-871	-1391
99762860	36	-12	-12	-12	-3024	-1038	-4432	-450	-880	-1403
99767123	36	-11	-11	-11	-1405	-1657	-2521	-453	-882	-1408
99771411	36	-5	-5	-5	-984	-1342	-985	-455	-882	-1406
99775762	36	-4	-4	-4	-679	-235	-1312	-453	-881	-1406
99780085	36	-10	-10	-10	856	405	-2320	-448	-875	-1410
99784456	36	-16	-16	-16	951	404	-2826	-443	-868	-1416
99788750	36	-9	-9	-9	-955	-632	-2566	-442	-868	-1421
99793048	36	-6	-6	-6	-3112	-961	-1336	-442	-877	-1421
99797457	36	-4	-4	-4	-3391	-1370	-1576	-445	-886	-1423
99801740	36	-2	-2	-2	-2587	-2105	-2688	-449	-893	-1428
99806093	36	1	1	1	-1607	-1336	-2987	-451	-895	-1434
99810383	36	0	0	0	393	19	-2051	-448	-890	-1437
99814790	36	-3	-3	-3	2003	524	234	-443	-879	-1431
99819215	36	-2	-2	-2	440	573	723	-438	-874	-1423
99823613	36	4	4	4	-1595	-470	-1450	-437	-876	-1424
99828025	36	4	4	4	-2625	-1339	-3596	-439	-883	-1433
99832441	36	3	3	3	-3302	-1927	-3103	-443	-892	-1440
99836856	36	11	11	11	-3652	-1983	-1329	-448	-902	-1440
99841266	36	12	12	12	-2648	-663	57	-448	-909	-1435
99845704	36	14	14	14	804	-96	-106	-445	-902	-1430
99850197	36	7	7	7	2258	248	-831	-441	-889	-1429
99854600	36	4	4	4	737	585	-1530	-436	-883	-1430
99859139	36	6	6	6	-845	-170	-1570	-434	-882	-1431
99863541	36	15	15	15	-2749	-1539	-1491	-437	-889	-1432
99868060	36	25	25	25	-5008	-2163	-1569	-442	-905	-1433
99872464	36	26	26	26	-5000	-1706	-1492	-446	-920	-1433
99876904	36	19	19	19	-1882	-558	-1364	-445	-923	-1434
99881314	36	17	17	17	2179	-119	244	-443	-911	-1428
99885716	36	22	22	22	2132	344	2180	-439	-898	-1415
99890143	36	22	22	22	-151	616	2291	-434	-895	-1402
99894550	36	23	23	23	-1285	-689	337	-434	-896	-1396
99899088	36	26	26	26	-3672	-1979	-1700	-438	-906	-1398
99903532	36	33	33	33	-5844	-1871	-2764	-443	-925	-1403
99908040	36	31	31	31	-4916	-1014	-1686	-444	-939	-1405
99912469	36	31	31	31	-1278	-729	-420	-444	-940	-1403
99916906	36	34	34	34	1622	-491	-628	-444	-929	-1400
99921413	36	29	29	29	1350	266	-1268	-440	-920	-1401
99925820	36	22	22	22	265	382	-2132	-435	-915	-1404
99930334	36	28	28	28	-1055	-1109	-2466	-437	-915	-1410
99934733	36	40	40	40	-4161	-1695	-1668	-441	-927	-1411
99939160	36	48	48	48	-5441	-1077	-1800	-442	-943	-1413
99943593	36	45	45	45	-2694	-1197	-1490	-444	-949	-1415
99948015	36	34	34	34	1463	-726	510	-444	-939	-1409
99952431	36	36	36	36	3435	-23	461	-442	-921	-1402
99956846	36	35	35	35	2628	145	561	-439	-907	-1395
99961337	36	35	35	35	1421	-269	337	-437	-897	-1390
99965734	36	48	48	48	-973	-1422	-1535	-440	-897	-1391
99970262	36	47	47	47	-4771	-967	-2667	-441	-911	-1397
100026805	36	46	46	46	-6445	86	-3183	-438	-931	-1405
100031788	36	40	40	40	-4845	361	-2052	-434	-945	-1408
100036137	36	29	29	29	-2832	342	-864	-430	-952	-1407
100040456	36	21	21	21	-2444	-568	-1321	-429	-957	-1407
100044823	36	31	31	31	-2966	-1929	-2298	-434	-964	-1411
100049137	36	36	36	36	-4217	-1426	-3148	-437	-976	-1419
100053525	36	32	32	32	-5700	165	-2594	-434	-994	-1424
100057822	36	25	25	25	-6041	709	-2124	-428	-1012	-1427
100062117	36	27	27	27	-4085	948	-2560	-422	-1024	-1433
100066459	36	30	30	30	-976	725	-2085	-417	-1023	-1436
100070738	36	26	26	26	555	-451	-812	-416	-1016	-1435
100075077	36	28	28	28	-315	-1877	-119	-420	-1013	-1431
100079371	36	28	28	28	-1730	-2274	-511	-426	-1015	-1428
100083775	36	28	28	28	-3165	-1341	-2585	-429	-1023	-1434
100088079	36	29	29	29	-5086	-187	-3491	-427	-1038	-1442
100092462	36	35	35	35	-4863	510	-1601	-422	-1052	-1444
100096738	36	37	37	37	-2228	1245	417	-415	-1056	-1438
100101045	36	32	32	32	416	864	1990	-409	-1049	-1426
100105441	36	23	23	23	755	-573	1812	-409	-1042	-1414
100109734	36	23	23	23	184	-2205	-738	-415	-1037	-1413
100114165	36	28	28	28	-368	-2622	-2742	-422	-1033	-1419
100118444	36	33	33	33	-3064	-1699	-2727	-426	-1041	-1425
100122768	36	43	43	43	-5615	-141	-2143	-424	-1057	-1429
100127073	36	42	42	42	-4443	1367	-569	-416	-1070	-1426
100131367	36	39	39	39	-950	1677	187	-407	-1068	-1422
100135665	36	33	33	33	1524	548	-849	-402	-1058	-1421
100139999	36	32	32	32	1707	-1462	-1062	-405	-1046	-1420
100144367	36	34	34	34	900	-2629	-375	-412	-1038	-1418
100148679	36	38	38	38	-866	-2821	-385	-421	-1037	-1415
100152989	36	41	41	41	-4271	-1513	-1192	-424	-1048	-1415
100157375	36	52	52	52	-4570	506	-3129	-419	-1061	-1422
100161696	36	54	54	54	-1068	1337	-3210	-412	-1060	-1431
100166114	36	41	41	41	2108	1646	-761	-403	-1047	-1429
100170417	36	40	40	40	2996	539	189	-398	-1031	-1424
100174787	36	38	38	38	2299	-1601	881	-402	-1017	-1416
100179093	36	37	37	37	1761	-2807	-514	-410	-1006	-1414
100183512	36	46	46	46	-430	-3138	-3145	-419	-1002	-1422
100187923	36	50	50	50	-4064	-1229	-3655	-421	-1013	-1431
100192344	36	51	51	51	-3558	1374	-2993	-414	-1022	-1439
100196814	36	60	60	60	336	1485	-1304	-405	-1016	-1440
100201230	36	53	53	53	2187	1523	621	-397	-1002	-1433
100205712	36	46	46	46	2760	105	-11	-394	-987	-1429
100210149	36	44	44	44	3058	-2414	-1456	-401	-971	-1430
100214546	36	41	41	41	1590	-3279	-1408	-411	-960	-1431
100219081	36	49	49	49	-1627	-2756	-2072	-419	-962	-1434
100223498	36	52	52	52	-4114	-339	-1352	-418	-973	-1435
100228012	36	57	57	57	-2431	1194	-566	-411	-977	-1433
100232435	36	56	56	56	724	1435	-924	-403	-970	-1433
100236933	36	43	43	43	2162	1659	-972	-394	-957	-1432
100241330	36	33	33	33	2933	-130	-283	-392	-941	-1429
100245719	36	36	36	36	3095	-2475	-510	-400	-925	-1426
100250169	36	48	48	48	829	-3170	-890	-409	-917	-1425
100254586	36	54	54	54	-3181	-2073	-1445	-415	-925	-1426
100259030	36	50	50	50	-4053	-89	-2005	-413	-936	-1430
100263431	36	49	49	49	-946	963	-756	-407	-935	-1429
100267951	36	43	43	43	1332	2028	-525	-397	-925	-1426
100272391	36	35	35	35	2327	1430	-171	-389	-912	-1422
100276926	36	34	34	34	3708	-1167	940	-391	-894	-1415
100281353	36	37	37	37	2065	-2392	643	-398	-882	-1408
100285765	36	37	37	37	-2091	-2168	-836	-404	-886	-1406
100290296	36	39	39	39	-4387	-1224	-2360	-406	-898	-1411
100294737	36	47	47	47	-3044	-367	-2951	-406	-906	-1418
100299263	36	49	49	49	4	898	-1637	-400	-901	-1420
100303693	36	39	39	39	1663	2084	-447	-390	-890	-1417
100308126	36	37	37	37	3261	480	-111	-386	-874	-1413
100312571	36	36	36	36	3640	-1186	108	-389	-856	-1409
100316992	36	38	38	38	605	-1799	-1166	-394	-849	-1408
100321414	36	43	43	43	-3151	-2073	-2084	-400	-857	-1412
100325827	36	48	48	48	-4515	-1205	-1326	-403	-870	-1413
100330363	36	53	53	53	-2987	-116	-509	-401	-878	-1410
100334803	36	48	48	48	-614	1284	480	-395	-876	-1404
100339287	36	37	37	37	1723	1325	1407	-388	-865	-1394
100395795	36	36	36	36	2869	518	1620	-384	-850	-1384
100400388	36	45	45	45	2590	339	1739	-380	-836	-1373
100404671	36	51	51	51	286	1185	764	-373	-830	-1365
100408988	36	48	48	48	-3539	2685	711	-361	-840	-1358
100413350	36	48	48	48	-3235	2155	2638	-350	-848	-1344
100417679	36	51	51	51	786	1116	3018	-344	-841	-1329
100422052	36	44	44	44	3063	1200	2571	-337	-825	-1315
100426344	36	33	33	33	2147	566	2411	-332	-813	-1302
100430641	36	36	36	36	2366	-1366	1426	-336	-800	-1293
100434953	36	45	45	45	1835	-1588	-86	-339	-789	-1290
100439226	36	47	47	47	-2064	291	-1383	-336	-793	-1292
100443511	36	50	50	50	-4113	1327	-2137	-328	-805	-1297
100447794	36	50	50	50	-2045	1168	-1153	-321	-809	-1298
