80306162	36	32	32	32	-111	-16	435	13	164	-140
80310564	36	33	33	33	-321	-27	270	13	163	-139
80314964	36	32	32	32	-485	-108	40	12	161	-139
80319462	36	32	32	32	-322	-58	-349	12	160	-141
80323862	36	32	32	32	-244	51	-264	12	159	-142
80328333	36	32	32	32	-202	-12	106	12	158	-141
80332711	36	32	32	32	-192	-42	572	12	158	-139
80337167	36	32	32	32	-155	-103	954	12	157	-136
80341570	36	32	32	32	46	-142	690	11	158	-133
80345963	36	31	31	31	115	-102	381	11	158	-132
80350463	36	31	31	31	146	-70	24	11	159	-132
80354861	36	31	31	31	305	0	-709	11	160	-135
80359259	36	30	30	30	486	129	-1115	11	162	-140
80363623	36	30	30	30	474	171	-745	12	164	-143
80368081	36	32	32	32	303	110	-324	13	165	-144
80372466	36	32	32	32	126	-29	-22	13	166	-145
80376897	36	33	33	33	-17	-132	303	12	166	-144
80381368	36	32	32	32	-118	-114	-3	12	165	-144
80385745	36	31	31	31	-159	-74	-559	11	165	-146
80390220	36	31	31	31	-193	83	-738	11	164	-149
80394608	36	32	32	32	-271	173	-779	12	163	-152
80399068	36	32	32	32	-144	131	-780	13	163	-155
80403448	36	31	31	31	-175	83	-280	13	162	-156
80407847	36	32	32	32	-119	-36	231	13	162	-156
80412219	36	32	32	32	-54	-104	508	13	161	-154
80416627	36	32	32	32	-55	-95	732	12	161	-151
80421022	36	32	32	32	103	-85	296	12	162	-150
80425431	36	32	32	32	284	-47	-310	12	163	-151
80429908	36	32	32	32	303	77	-555	12	164	-154
80434308	36	32	32	32	330	153	-716	13	166	-157
80490494	36	35	35	35	486	131	-796	13	168	-160
80494919	36	37	37	37	362	151	-597	14	169	-162
80499192	36	36	36	36	297	197	-252	15	170	-164
80503548	36	34	34	34	346	140	-294	15	172	-165
80507820	36	34	34	34	445	186	-542	16	174	-167
80512159	36	35	35	35	454	375	-502	18	175	-169
80516441	36	37	37	37	428	385	-427	19	177	-171
80520690	36	37	37	37	605	257	-637	20	180	-173
80525068	36	37	37	37	656	85	-683	21	182	-176
80529331	36	35	35	35	663	-23	-515	21	185	-178
80533588	36	33	33	33	718	46	-359	21	188	-180
80537875	36	33	33	33	577	176	69	22	190	-179
80542132	36	33	33	33	443	162	304	22	192	-178
80546419	36	33	33	33	324	109	70	23	193	-178
80550674	36	34	34	34	49	147	-110	23	193	-179
80555048	36	34	34	34	-134	88	-279	24	193	-180
80559307	36	33	33	33	-143	-31	-648	23	192	-182
80563616	36	32	32	32	-258	-98	-726	23	191	-185
80567898	36	32	32	32	-259	-126	-480	22	190	-187
80572154	36	32	32	32	-186	60	-115	23	189	-187
80576531	36	32	32	32	-199	116	413	23	189	-186
80580798	36	34	34	34	-119	-59	522	23	188	-184
80585151	36	34	34	34	1	-80	160	22	188	-183
80589414	36	34	34	34	97	-38	19	22	189	-183
80593664	36	34	34	34	217	24	-18	22	189	-183
80597939	36	33	33	33	446	89	-340	23	191	-185
80602206	36	32	32	32	438	66	-361	23	193	-186
80606489	36	33	33	33	347	67	-54	23	194	-186
80610755	36	33	33	33	300	103	248	24	195	-185
80615131	36	34	34	34	225	26	627	24	196	-183
80619399	36	35	35	35	64	-124	581	23	196	-181
80623656	36	33	33	33	-43	-169	77	23	196	-181
80628014	36	32	32	32	-153	-167	-384	22	196	-182
80632263	36	31	31	31	-302	-65	-664	22	194	-185
80636641	36	30	30	30	-269	92	-804	22	193	-188
80640908	36	30	30	30	-442	150	-496	23	191	-190
80645286	36	32	32	32	-422	154	34	23	190	-190
80649660	36	33	33	33	-260	85	489	23	189	-188
80654055	36	34	34	34	-227	-87	811	23	188	-185
80658435	36	34	34	34	-173	-244	603	22	187	-182
80662844	36	32	32	32	101	-171	38	21	188	-182
80667248	36	32	32	32	334	-4	-348	21	189	-184
80671640	36	32	32	32	403	165	-542	22	191	-186
80676099	36	33	33	33	546	236	-715	23	193	-188
80680496	36	34	34	34	451	201	-430	24	194	-190
80684903	36	35	35	35	398	112	24	24	196	-190
80689398	36	35	35	35	401	-151	358	24	198	-189
80693796	36	35	35	35	264	-317	615	22	199	-187
80698266	36	33	33	33	56	-196	300	22	199	-185
80702660	36	31	31	31	-6	-49	-278	21	199	-187
80707138	36	32	32	32	-207	77	-627	22	198	-189
80711546	36	32	32	32	-440	237	-773	23	196	-192
80715926	36	32	32	32	-471	184	-752	23	194	-195
80720327	36	33	33	33	-492	67	-311	23	192	-196
80724707	36	34	34	34	-426	-40	255	23	191	-195
80729111	36	33	33	33	-381	-220	543	22	189	-193
80733491	36	32	32	32	-249	-194	707	21	188	-190
80737971	36	32	32	32	-91	-34	377	21	188	-189
80742369	36	32	32	32	184	79	-379	21	189	-190
80746777	36	33	33	33	354	201	-777	22	190	-193
80751244	36	34	34	34	442	299	-705	23	192	-196
80755648	36	34	34	34	580	116	-572	24	194	-198
80760126	36	33	33	33	568	-97	-213	24	196	-199
80764525	36	32	32	32	362	-136	338	23	197	-198
80768983	36	32	32	32	237	-204	541	23	198	-196
80773359	36	32	32	32	106	-25	578	22	199	-194
80777743	36	32	32	32	-64	156	332	23	198	-192
80782125	36	33	33	33	-150	62	-211	23	198	-193
80786535	36	33	33	33	-348	22	-498	23	196	-195
80790916	36	32	32	32	-405	-33	-560	23	195	-197
80795320	36	31	31	31	-396	-143	-394	22	193	-199
80799757	36	30	30	30	-407	-67	162	22	192	-198
80804157	36	31	31	31	-441	-24	761	22	190	-195
80860256	36	34	34	34	-471	-85	962	21	188	-192
80864792	36	37	37	37	-459	-172	694	21	186	-189
80869073	36	37	37	37	-613	-110	505	20	184	-187
80873435	36	37	37	37	-666	-51	590	20	182	-185
80877708	36	35	35	35	-855	-161	854	19	178	-182
80882014	36	35	35	35	-1058	-240	1353	18	174	-176
80886287	36	35	35	35	-1018	-307	1647	17	171	-170
80890536	36	34	34	34	-1257	-221	1924	16	166	-163
80894901	36	34	34	34	-1397	-178	1818	15	161	-156
80899174	36	33	33	33	-1145	-206	953	14	156	-152
80903436	36	32	32	32	-873	-223	406	13	153	-151
80907710	36	32	32	32	-730	-49	319	13	150	-150
80911968	36	32	32	32	-427	160	210	14	149	-149
80916217	36	32	32	32	-109	137	446	14	149	-147
80920494	36	33	33	33	20	137	1040	15	149	-143
80924848	36	33	33	33	275	51	1339	15	150	-138
80929126	36	33	33	33	554	-66	1283	15	152	-134
80933443	36	33	33	33	533	24	965	15	155	-130
80937734	36	32	32	32	512	24	83	15	157	-130
80941993	36	32	32	32	586	-95	-781	15	159	-133
80946360	36	32	32	32	349	91	-891	15	160	-137
80950618	36	32	32	32	1	231	-578	16	161	-139
80954970	36	32	32	32	-210	112	-116	17	160	-140
80959240	36	32	32	32	-555	-23	543	17	158	-138
80963495	36	32	32	32	-726	-179	871	16	155	-135
80967778	36	32	32	32	-904	-249	909	15	152	-132
80972040	36	32	32	32	-971	-184	596	14	148	-130
80976314	36	30	30	30	-736	-81	-269	14	145	-131
80980572	36	30	30	30	-530	-17	-812	14	143	-134
80984899	36	32	32	32	-268	154	-654	14	143	-137
80989170	36	32	32	32	-63	284	-362	15	142	-139
80993425	36	32	32	32	214	148	-73	16	143	-139
80997804	36	32	32	32	442	57	375	16	145	-138
81002071	36	32	32	32	605	50	430	17	148	-136
81006455	36	31	31	31	725	114	195	17	151	-136
81010713	36	32	32	32	792	144	-58	18	154	-136
81015078	36	32	32	32	803	119	-541	18	157	-138
81019345	36	31	31	31	623	128	-992	19	160	-142
81023717	36	31	31	31	309	76	-854	19	161	-146
81028118	36	32	32	32	5	76	-335	19	161	-148
81032520	36	31	31	31	-229	-61	9	19	160	-148
81036931	36	32	32	32	-597	-222	371	18	158	-147
81041329	36	32	32	32	-821	-201	552	17	155	-145
81045799	36	31	31	31	-915	-172	477	16	151	-143
81050183	36	32	32	32	-872	-160	292	16	148	-142
81054579	36	32	32	32	-684	-88	-170	15	146	-143
81059091	36	31	31	31	-492	-12	-489	15	144	-145
81063466	36	32	32	32	-151	45	-301	15	143	-146
81067960	36	32	32	32	139	126	-93	16	144	-146
81072337	36	31	31	31	358	157	84	17	146	-146
81076847	36	32	32	32	530	118	421	17	148	-145
81081223	36	32	32	32	657	76	271	18	151	-144
81085623	36	32	32	32	776	58	-72	18	154	-144
81090020	36	32	32	32	830	73	-251	18	157	-146
81094412	36	32	32	32	805	69	-618	18	160	-148
81098816	36	31	31	31	629	-51	-857	18	163	-152
81103206	36	31	31	31	297	-30	-537	18	164	-154
81107691	36	32	32	32	-72	61	-51	18	164	-155
81112083	36	32	32	32	-423	-76	256	18	162	-154
81116475	36	32	32	32	-859	-214	595	17	159	-152
81120957	36	32	32	32	-975	-203	623	16	155	-149
81125366	36	32	32	32	-923	-164	556	16	152	-147
81129844	36	32	32	32	-891	-159	513	15	149	-146
81134251	36	32	32	32	-627	-104	233	14	146	-145
81138717	36	31	31	31	-390	-29	212	14	145	-144
81143102	36	32	32	32	-120	20	411	14	145	-143
81147459	36	32	32	32	125	78	405	15	145	-141
81151836	36	32	32	32	459	84	208	15	147	-141
81156193	36	32	32	32	595	121	239	16	150	-140
81160576	36	32	32	32	677	136	303	16	152	-139
81164939	36	33	33	33	957	140	94	17	156	-139
81169409	36	32	32	32	922	149	151	17	160	-139
81173761	36	32	32	32	644	3	277	17	162	-138
81178153	36	32	32	32	381	-120	68	17	164	-138
81234330	36	34	34	34	281	-134	-73	16	165	-138
81238753	36	38	38	38	267	-98	-11	16	166	-139
81243124	36	38	38	38	387	-16	-300	16	168	-140
81247386	36	37	37	37	774	31	-949	16	171	-144
81251735	36	37	37	37	1069	167	-1165	17	175	-149
81255966	36	38	38	38	1124	263	-1092	18	180	-153
81260232	36	38	38	38	1249	67	-1147	18	185	-158
81264579	36	37	37	37	1248	14	-1037	18	190	-162
81268842	36	37	37	37	1123	34	-699	18	194	-165
81273098	36	36	36	36	941	-106	-458	18	198	-167
81277359	36	36	36	36	685	-175	-360	17	200	-169
81281620	36	36	36	36	309	-191	-191	16	201	-169
81285847	36	36	36	36	-110	-161	-59	15	201	-170
81290105	36	34	34	34	-209	-90	-298	15	200	-171
81294458	36	33	33	33	-406	-136	-511	15	199	-173
81298713	36	33	33	33	-730	-117	-380	14	196	-175
81303059	36	32	32	32	-732	-19	-273	14	193	-176
81307312	36	33	33	33	-603	-16	74	14	191	-176
81311579	36	33	33	33	-381	27	333	14	189	-174
81315911	36	32	32	32	-95	-17	282	14	189	-173
81320177	36	33	33	33	55	-14	374	14	189	-172
81324532	36	33	33	33	396	116	32	15	191	-172
81328789	36	32	32	32	841	42	-646	15	194	-175
81333051	36	32	32	32	983	6	-681	15	198	-177
81337306	36	32	32	32	744	151	-227	15	200	-178
81341580	36	34	34	34	668	115	62	16	203	-178
81345825	36	35	35	35	549	29	430	16	205	-177
81350072	36	35	35	35	249	-34	658	16	206	-174
81354428	36	34	34	34	61	-233	490	15	206	-172
81358670	36	33	33	33	-261	-219	445	14	205	-171
81362940	36	33	33	33	-438	-62	379	14	203	-169
81367278	36	32	32	32	-555	-125	-54	13	201	-170
81371547	36	31	31	31	-648	-102	-276	13	198	-171
81375875	36	32	32	32	-825	61	-41	13	195	-171
81380125	36	32	32	32	-777	94	2	14	192	-171
81384418	36	32	32	32	-543	82	152	14	190	-171
81388731	36	33	33	33	-173	99	243	14	189	-170
81393000	36	33	33	33	152	56	67	15	190	-170
81397386	36	33	33	33	342	73	23	15	191	-170
81401777	36	34	34	34	590	86	-233	15	194	-171
81406148	36	32	32	32	851	-4	-706	15	197	-174
81410547	36	32	32	32	905	57	-734	15	200	-177
81414943	36	33	33	33	658	187	-453	16	203	-179
81419425	36	34	34	34	484	80	-389	16	205	-180
81423803	36	35	35	35	241	-41	-65	16	206	-180
81428276	36	35	35	35	109	-112	311	16	206	-179
81432672	36	34	34	34	-186	-138	586	15	205	-177
81437119	36	34	34	34	-562	-133	815	15	203	-174
81441497	36	34	34	34	-749	-166	420	14	200	-172
81445869	36	32	32	32	-679	-121	-374	14	197	-174
81450355	36	31	31	31	-636	-9	-702	14	195	-177
81454746	36	31	31	31	-690	143	-701	14	192	-180
81459148	36	32	32	32	-539	176	-656	15	190	-182
81463525	36	33	33	33	-312	109	-149	16	189	-183
81467914	36	35	35	35	149	69	388	16	189	-181
81472290	36	35	35	35	273	14	953	16	191	-178
81476688	36	35	35	35	347	-148	1083	15	192	-174
81481160	36	35	35	35	827	-133	180	14	195	-173
81485561	36	33	33	33	912	62	-486	15	199	-175
81490022	36	33	33	33	812	87	-594	15	202	-177
81494408	36	34	34	34	652	81	-614	15	204	-180
81498846	36	33	33	33	376	113	-183	16	206	-181
81503234	36	34	34	34	150	-41	571	16	206	-179
81507609	36	34	34	34	-181	-204	1045	15	205	-175
81512085	36	34	34	34	-489	-301	1174	14	203	-170
81516475	36	33	33	33	-706	-263	743	13	201	-167
81520865	36	32	32	32	-627	-136	-31	13	198	-168
81525252	36	31	31	31	-658	-98	-430	12	196	-169
81529646	36	32	32	32	-767	21	-705	12	193	-172
81534045	36	32	32	32	-494	167	-1005	13	191	-176
81538420	36	31	31	31	-365	247	-651	14	189	-179
81542917	36	33	33	33	-78	177	-35	15	189	-179
81547311	36	34	34	34	222	63	395	15	190	-178
81551801	36	34	34	34	334	-87	683	15	191	-175
81607871	36	38	38	38	451	-211	715	14	193	-172
81612393	36	40	40	40	177	-315	807	13	194	-169
81616675	36	38	38	38	-221	-417	951	11	193	-166
81620979	36	37	37	37	-428	-322	314	10	191	-164
81625296	36	34	34	34	-396	-266	-587	9	190	-167
81629561	36	34	34	34	-520	-126	-745	8	188	-170
81633930	36	35	35	35	-710	40	-673	9	185	-172
81638190	36	34	34	34	-706	-73	-449	8	183	-174
81642443	36	35	35	35	-662	-191	17	8	180	-174
81646724	36	34	34	34	-458	-188	444	7	178	-173
81650979	36	33	33	33	-166	-149	636	7	178	-171
81655261	36	33	33	33	129	-38	627	6	178	-168
81659530	36	33	33	33	302	90	179	7	180	-168
81663893	36	33	33	33	586	67	-523	7	182	-170
81668156	36	34	34	34	763	139	-634	7	185	-173
81672509	36	35	35	35	723	218	-333	8	188	-174
81676795	36	35	35	35	556	111	77	8	190	-174
81681043	36	35	35	35	348	8	607	8	191	-171
81685421	36	35	35	35	313	-77	912	8	192	-168
81689672	36	34	34	34	5	-118	1159	8	192	-163
81693994	36	35	35	35	-257	-170	952	7	192	-160
81698248	36	32	32	32	-216	-197	164	6	191	-159
81702519	36	32	32	32	-457	-93	-205	6	189	-160
81706801	36	32	32	32	-658	-68	-260	6	186	-161
81711057	36	32	32	32	-602	-116	-458	6	184	-163
81715342	36	31	31	31	-701	-56	-235	6	181	-164
81719590	36	32	32	32	-537	-4	373	6	179	-163
81723962	36	32	32	32	-240	-46	697	6	178	-161
81728221	36	32	32	32	-70	-49	845	5	178	-158
81732464	36	32	32	32	120	31	631	6	179	-155
81736850	36	32	32	32	383	19	-38	6	180	-156
81741107	36	32	32	32	647	109	-482	6	183	-158
81745480	36	33	33	33	549	276	-478	7	185	-160
81749746	36	33	33	33	598	172	-475	7	187	-162
81754022	36	33	33	33	499	76	-273	8	189	-163
81758364	36	34	34	34	355	44	109	8	190	-162
81762618	36	34	34	34	232	-157	379	7	191	-161
81767020	36	33	33	33	-140	-197	764	7	191	-158
81771413	36	33	33	33	-319	-127	488	6	189	-156
81775802	36	32	32	32	-329	-215	-174	6	188	-157
81780184	36	32	32	32	-440	-102	-270	5	186	-158
81784581	36	32	32	32	-577	27	-379	6	184	-160
81789078	36	32	32	32	-452	-59	-644	6	183	-162
81793467	36	32	32	32	-356	-12	-396	6	181	-164
81797967	36	32	32	32	-299	44	-3	6	180	-164
81802358	36	32	32	32	-182	-30	180	6	179	-164
81806827	36	33	33	33	79	77	415	6	180	-163
81811193	36	33	33	33	303	119	185	7	181	-162
81815586	36	33	33	33	535	-23	-361	7	183	-164
81820076	36	33	33	33	510	66	-475	7	185	-165
81824477	36	34	34	34	405	91	-290	7	187	-167
81828878	36	33	33	33	551	69	-226	7	189	-168
81833262	36	33	33	33	342	111	67	8	190	-167
81837642	36	34	34	34	153	31	537	8	191	-165
81842025	36	34	34	34	5	-121	852	7	191	-162
81846429	36	33	33	33	-280	-115	1010	7	190	-158
81850904	36	33	33	33	-397	-129	660	6	188	-156
81855314	36	32	32	32	-380	-185	189	6	187	-155
81859795	36	31	31	31	-496	33	-60	6	185	-156
81864196	36	31	31	31	-496	51	-379	6	183	-157
81868656	36	30	30	30	-228	51	-714	7	182	-160
81873067	36	31	31	31	-244	100	-474	7	181	-162
81877451	36	32	32	32	-216	51	-13	8	180	-163
81881927	36	32	32	32	42	89	351	8	180	-161
81886326	36	33	33	33	280	139	719	8	181	-159
81890709	36	33	33	33	429	90	526	9	183	-157
81895112	36	33	33	33	499	-62	123	8	185	-157
81899505	36	34	34	34	472	35	-19	8	187	-157
81903898	36	34	34	34	443	151	-151	9	189	-158
81908284	36	33	33	33	429	128	-279	9	190	-159
81912765	36	33	33	33	158	97	61	10	191	-159
81917168	36	34	34	34	8	-12	530	10	191	-157
81921657	36	34	34	34	-155	-82	828	9	190	-153
81926023	36	34	34	34	-385	-115	1000	9	189	-150
81982189	36	38	38	38	-397	-141	981	9	187	-146
81986650	36	41	41	41	-386	-34	476	9	186	-144
81990962	36	42	42	42	-327	37	130	9	185	-144
81995283	36	42	42	42	-97	28	431	9	185	-142
81999548	36	41	41	41	-26	2	844	9	185	-139
82003925	36	41	41	41	-124	-162	1635	9	184	-133
82008186	36	40	40	40	-352	-203	1981	8	183	-125
82012437	36	38	38	38	-379	-208	1547	8	182	-119
82016718	36	37	37	37	-294	-230	1064	7	181	-115
82020969	36	37	37	37	-410	-92	449	6	179	-114
82025246	36	35	35	35	-449	-51	-312	6	178	-115
82029505	36	34	34	34	-410	-2	-577	6	176	-118
82033859	36	34	34	34	-387	100	-184	7	175	-119
82038112	36	34	34	34	-433	9	481	7	173	-117
82042477	36	34	34	34	-558	-143	1259	7	171	-112
82046769	36	35	35	35	-601	-211	1299	6	169	-108
82051025	36	32	32	32	-291	-267	490	5	168	-106
82055395	36	32	32	32	2	-97	-133	5	168	-107
82059655	36	32	32	32	35	172	-641	6	168	-110
82063995	36	32	32	32	194	169	-1128	6	169	-115
82068260	36	32	32	32	339	193	-989	7	170	-119
82072536	36	33	33	33	311	171	-294	8	172	-120
82076820	36	35	35	35	203	5	370	8	172	-119
82081077	36	35	35	35	-24	-71	805	8	172	-116
82085361	36	36	36	36	-117	-164	907	7	172	-113
82089607	36	35	35	35	-37	-209	482	6	172	-111
82093963	36	33	33	33	-57	-72	-191	6	172	-112
82098227	36	33	33	33	-263	-39	-488	6	171	-114
82102504	36	32	32	32	-176	-26	-550	6	170	-117
82106878	36	32	32	32	-45	125	-381	6	170	-118
82111128	36	32	32	32	-159	31	131	6	170	-118
82115474	36	32	32	32	-194	-150	464	6	169	-117
82119741	36	32	32	32	-305	-249	741	5	168	-114
82124011	36	32	32	32	-319	-302	661	4	167	-112
82128360	36	31	31	31	23	-77	128	4	167	-112
82132615	36	31	31	31	190	81	-284	4	168	-113
82136897	36	32	32	32	180	21	-485	4	168	-116
82141305	36	32	32	32	372	119	-736	5	170	-119
82145758	36	32	32	32	397	140	-648	5	172	-122
82150139	36	32	32	32	134	41	-82	6	172	-122
82154532	36	32	32	32	-119	30	191	6	172	-122
82159038	36	33	33	33	-145	-88	407	5	171	-120
82163415	36	33	33	33	-38	-79	496	5	171	-119
82167911	36	32	32	32	-107	90	41	5	171	-118
82172299	36	32	32	32	-54	-89	-496	5	171	-121
82176768	36	32	32	32	-114	-26	-596	5	170	-123
82181147	36	31	31	31	-18	195	-492	6	170	-125
82185554	36	31	31	31	88	-21	-359	6	171	-127
82189938	36	31	31	31	-85	-16	-23	6	170	-127
82194342	36	32	32	32	-165	-5	177	6	170	-127
82198724	36	32	32	32	-250	-181	457	6	169	-125
82203129	36	32	32	32	65	-67	534	5	169	-124
82207559	36	31	31	31	205	165	106	6	170	-124
82211948	36	30	30	30	208	13	-143	6	171	-125
82216360	36	32	32	32	212	28	-229	6	172	-126
82220830	36	32	32	32	357	234	-410	7	173	-128
82225227	36	32	32	32	337	59	-323	7	174	-129
82229712	36	32	32	32	-123	91	118	8	174	-129
82234121	36	32	32	32	-295	74	224	8	173	-128
82238596	36	32	32	32	-100	-47	161	8	173	-128
82243007	36	33	33	33	-90	129	251	8	172	-127
82247385	36	33	33	33	-254	36	69	8	171	-127
82251775	36	32	32	32	-117	-183	-322	8	171	-128
82256151	36	31	31	31	-71	-22	-398	8	171	-130
82260558	36	32	32	32	92	-28	-366	8	171	-131
82264947	36	32	32	32	16	-145	-320	7	171	-133
82269428	36	31	31	31	-201	37	-179	8	170	-134
82273822	36	31	31	31	-81	2	-208	8	170	-135
82278305	36	32	32	32	25	-1	107	8	170	-135
82282693	36	32	32	32	175	232	550	9	171	-133
82287087	36	32	32	32	178	62	578	9	172	-131
82291581	36	32	32	32	348	-121	526	8	173	-130
82295957	36	32	32	32	214	26	459	9	174	-128
82352153	36	35	35	35	-175	109	404	9	173	-127
82356608	36	38	38	38	-35	21	641	9	173	-124
82360946	36	37	37	37	45	16	896	9	174	-121
82365207	36	37	37	37	140	48	661	9	174	-119
82369456	36	36	36	36	287	56	175	10	176	-118
82373682	36	35	35	35	348	147	-93	10	177	-119
82377938	36	36	36	36	342	196	-315	11	178	-120
82382166	36	35	35	35	420	122	-421	12	180	-122
82386421	36	35	35	35	328	92	-112	12	181	-123
82390654	36	34	34	34	178	86	93	13	182	-123
82394994	36	33	33	33	155	-84	216	13	183	-122
82399241	36	34	34	34	-74	-81	229	12	183	-122
82403568	36	32	32	32	-229	3	-105	12	182	-122
82407828	36	32	32	32	-323	55	-487	13	180	-124
82412153	36	32	32	32	-319	176	-650	13	179	-127
82416417	36	32	32	32	-319	153	-674	14	178	-130
82420654	36	32	32	32	-217	89	-539	14	177	-132
82425008	36	33	33	33	-111	53	-129	14	177	-133
82429260	36	33	33	33	-52	-64	178	14	177	-132
82433506	36	32	32	32	111	-73	373	14	177	-131
82437779	36	32	32	32	186	-31	488	14	178	-130
82442030	36	33	33	33	162	-43	298	14	179	-129
82446312	36	32	32	32	282	49	-216	14	180	-130
82450561	36	32	32	32	395	199	-688	15	181	-133
82454926	36	32	32	32	400	153	-810	15	183	-136
82459187	36	33	33	33	385	144	-717	16	184	-139
82463523	36	33	33	33	134	122	-323	17	185	-140
82467788	36	33	33	33	23	-130	-32	16	185	-141
82472037	36	32	32	32	-59	-99	-79	16	185	-141
82476402	36	32	32	32	-239	-19	-49	16	184	-142
82480656	36	32	32	32	-396	-55	-253	16	182	-143
82484993	36	32	32	32	-394	-4	-600	16	181	-145
82489261	36	32	32	32	-285	46	-678	16	180	-148
82493517	36	32	32	32	-275	94	-498	16	179	-150
82497787	36	32	32	32	-127	85	-217	16	178	-151
82502041	36	32	32	32	-49	-7	187	16	178	-151
82506320	36	32	32	32	33	-46	728	16	178	-148
82510707	36	33	33	33	164	-23	901	16	179	-145
82515202	36	33	33	33	271	-27	568	16	180	-143
82519577	36	33	33	33	330	-36	257	16	181	-142
82523964	36	33	33	33	315	-18	-13	16	182	-142
82528448	36	32	32	32	450	28	-401	16	184	-144
82532858	36	32	32	32	379	87	-387	17	186	-146
82537356	36	32	32	32	139	44	-93	17	186	-146
82541751	36	32	32	32	-2	-24	14	17	186	-147
82546208	36	32	32	32	-141	-6	221	17	186	-146
82550598	36	32	32	32	-303	-61	224	17	184	-145
82555013	36	32	32	32	-415	-126	-188	16	183	-146
82559411	36	31	31	31	-452	-120	-446	16	181	-148
82563801	36	32	32	32	-401	-6	-381	16	180	-150
82568178	36	32	32	32	-242	120	-379	16	179	-151
82572563	36	32	32	32	-54	34	-244	16	178	-153
82577068	36	33	33	33	-97	-82	274	16	178	-152
82581464	36	33	33	33	-81	-21	463	16	178	-150
82585844	36	33	33	33	149	67	471	16	178	-148
82590340	36	34	34	34	287	104	559	16	180	-146
82594733	36	34	34	34	269	3	312	16	181	-145
82599237	36	33	33	33	370	-54	-238	16	182	-146
82603613	36	32	32	32	464	22	-556	16	184	-149
82608080	36	32	32	32	361	117	-633	17	185	-151
82612451	36	32	32	32	364	128	-614	18	187	-154
82616863	36	32	32	32	-5	-15	-260	18	187	-155
82621232	36	33	33	33	-212	-28	-78	18	186	-156
82625628	36	33	33	33	-200	-57	-107	17	185	-156
82630015	36	33	33	33	-356	-195	-44	17	184	-157
82634413	36	32	32	32	-521	-235	-104	16	182	-157
82638885	36	32	32	32	-475	-207	-326	15	180	-159
82643276	36	31	31	31	-278	-13	-327	15	179	-160
82647657	36	32	32	32	-181	136	-183	15	178	-161
82652123	36	32	32	32	-8	47	-144	15	178	-161
82656537	36	33	33	33	1	34	186	15	178	-161
82661018	36	34	34	34	146	46	417	16	179	-159
82665425	36	34	34	34	330	-18	305	16	180	-158
82721513	36	37	37	37	334	-49	256	15	182	-157
82725912	36	40	40	40	279	-44	7	15	183	-158
82730166	36	39	39	39	-97	-27	-115	15	183	-158
82734525	36	40	40	40	-303	-139	95	15	182	-158
82738795	36	39	39	39	-307	-237	497	14	181	-156
82743050	36	38	38	38	-595	-244	1010	13	178	-152
82747310	36	37	37	37	-515	-495	1006	11	176	-148
82751571	36	35	35	35	-239	-354	667	10	176	-146
82755824	36	34	34	34	-128	28	505	10	175	-144
82760080	36	35	35	35	59	-9	237	10	176	-143
82764435	36	35	35	35	563	114	-199	10	178	-144
82768688	36	35	35	35	616	242	-163	11	180	-145
82773051	36	36	36	36	605	110	173	12	183	-144
82777311	36	36	36	36	895	-9	349	12	186	-143
82781576	36	35	35	35	831	-107	504	12	189	-141
82785912	36	34	34	34	617	-171	557	11	192	-140
82790180	36	32	32	32	495	-12	180	11	194	-139
82794536	36	32	32	32	437	164	-383	12	195	-141
82798803	36	32	32	32	33	136	-571	12	195	-143
82803059	36	32	32	32	-287	61	-624	13	194	-146
82807311	36	32	32	32	-507	-65	-520	12	192	-148
82811571	36	33	33	33	-651	-167	-128	12	190	-149
82815830	36	32	32	32	-674	-147	169	11	187	-148
82820086	36	32	32	32	-751	-271	522	10	184	-147
82824410	36	32	32	32	-728	-325	594	9	182	-144
82828646	36	32	32	32	-413	-93	185	8	180	-144
82832917	36	32	32	32	-157	60	-106	8	179	-144
82837256	36	34	34	34	175	138	-324	9	180	-146
82841526	36	34	34	34	527	212	-786	10	182	-149
82845857	36	32	32	32	660	247	-954	11	185	-153
82850103	36	33	33	33	838	119	-535	12	188	-155
82854464	36	32	32	32	781	-16	-198	12	191	-156
82858720	36	32	32	32	697	-27	167	12	194	-155
82862992	36	32	32	32	677	40	428	12	196	-154
82867254	36	32	32	32	575	113	16	13	198	-154
82871517	36	31	31	31	318	15	-522	13	199	-156
82875770	36	31	31	31	-58	-59	-766	13	199	-159
82880146	36	31	31	31	-319	-28	-933	13	198	-163
82884552	36	30	30	30	-539	-15	-876	13	196	-167
82889031	36	30	30	30	-744	-12	-445	13	193	-169
82893411	36	32	32	32	-657	14	31	13	190	-169
82897893	36	32	32	32	-752	1	406	13	187	-167
82902281	36	32	32	32	-645	-62	353	13	185	-166
82906749	36	32	32	32	-231	-21	-6	12	184	-166
82911113	36	32	32	32	4	134	-159	13	184	-167
82915538	36	32	32	32	251	137	-472	14	185	-169
82919992	36	32	32	32	504	97	-803	14	187	-172
82924380	36	32	32	32	649	189	-487	15	189	-174
82928773	36	32	32	32	704	235	-13	16	192	-174
82933159	36	32	32	32	866	149	247	17	195	-173
82937556	36	33	33	33	691	39	533	17	198	-171
82941929	36	33	33	33	414	15	476	17	200	-169
82946342	36	32	32	32	293	-2	60	17	201	-169
82950783	36	32	32	32	91	15	-150	17	201	-170
82955166	36	32	32	32	-304	32	-258	17	200	-171
82959638	36	32	32	32	-461	19	-348	17	198	-173
82964022	36	32	32	32	-609	-18	-61	17	195	-173
82968483	36	32	32	32	-856	-123	258	16	192	-172
82972885	36	32	32	32	-863	-190	557	16	189	-170
82977320	36	32	32	32	-792	-110	735	15	186	-167
82981759	36	32	32	32	-515	14	513	15	184	-166
82986124	36	32	32	32	-241	51	380	15	183	-164
82990518	36	34	34	34	14	123	185	16	183	-163
82994914	36	33	33	33	331	130	-301	16	184	-165
82999307	36	33	33	33	587	118	-484	17	186	-167
83003687	36	34	34	34	692	186	-204	18	189	-168
83008134	36	33	33	33	765	57	-67	18	192	-168
83012547	36	32	32	32	774	-38	54	18	195	-168
83016941	36	32	32	32	662	-5	107	18	198	-168
83021428	36	32	32	32	516	36	-136	18	200	-168
83025800	36	32	32	32	194	76	-171	18	200	-169
83030225	36	32	32	32	-161	59	-136	18	200	-170
83034608	36	32	32	32	-369	-11	-185	18	198	-171
83039061	36	-16	-16	-16	-443	-78	-1206	34	196	-176
83095176	36	-57	-57	-57	-439	-76	-2170	65	192	-184
83099604	36	-47	-47	-47	-257	-42	-1948	92	190	-192
83103977	36	-38	-38	-38	56	-18	-1428	116	189	-198
83108235	36	-28	-28	-28	310	-65	-1009	136	189	-202
83112491	36	-20	-20	-20	525	-95	-943	154	190	-205
83116772	36	-14	-14	-14	741	-61	-1163	170	193	-210
83121022	36	-8	-8	-8	940	-88	-1694	184	196	-217
83125295	36	-4	-4	-4	870	-31	-1926	196	198	-224
83129543	36	1	1	1	609	18	-1828	207	200	-231
83133893	36	4	4	4	453	-47	-1611	216	201	-237
83138144	36	7	7	7	50	-23	-930	224	201	-241
83142497	36	11	11	11	-445	-50	-108	231	199	-241
83146769	36	15	15	15	-692	-201	251	236	196	-240
83151023	36	17	17	17	-940	-244	210	240	192	-239
83155388	36	18	18	18	-1087	-230	-248	244	187	-240
83159642	36	20	20	20	-1089	-314	-740	246	183	-243
83164015	36	22	22	22	-943	-272	-884	248	179	-246
83168265	36	22	22	22	-663	-146	-1138	251	177	-251
83172516	36	22	22	22	-371	-52	-930	253	175	-254
83176793	36	24	24	24	-80	130	-95	255	175	-254
83181043	36	25	25	25	269	160	160	258	176	-253
83185326	36	27	27	27	521	64	129	259	177	-253
83189587	36	30	30	30	732	48	202	260	180	-252
83193934	36	30	30	30	952	7	-108	261	184	-252
83198186	36	30	30	30	1044	32	-519	262	188	-254
83202424	36	30	30	30	978	79	-827	262	192	-257
83206795	36	30	30	30	743	63	-823	263	194	-260
83211046	36	31	31	31	450	-10	-452	263	196	-261
83215416	36	31	31	31	216	-18	-145	263	197	-262
83219670	36	31	31	31	-108	31	159	263	196	-261
83223977	36	32	32	32	-481	-50	630	262	194	-258
83228280	36	32	32	32	-796	-120	630	262	191	-256
83232537	36	32	32	32	-1145	-195	232	260	187	-255
83236811	36	32	32	32	-1117	-273	-219	259	183	-255
83241048	36	32	32	32	-909	-179	-677	258	179	-258
83245327	36	32	32	32	-834	-53	-673	257	176	-260
83249583	36	32	32	32	-559	-8	-637	256	174	-262
83253989	36	30	30	30	-63	109	-605	256	174	-265
83258461	36	31	31	31	339	229	-119	256	175	-265
83262861	36	32	32	32	498	139	246	256	177	-264
83267334	36	33	33	33	661	113	269	256	179	-262
83271726	36	34	34	34	871	164	81	256	183	-262
83276179	36	34	34	34	1169	97	-311	255	187	-263
83280576	36	33	33	33	1047	91	-633	255	191	-265
83284968	36	33	33	33	818	44	-905	254	195	-268
83289442	36	33	33	33	738	8	-848	253	197	-271
83293834	36	32	32	32	242	39	-246	253	198	-272
83298212	36	32	32	32	-49	-29	73	252	198	-272
83302612	36	32	32	32	-299	-62	71	251	197	-271
83307015	36	32	32	32	-652	-102	315	249	194	-270
83311394	36	33	33	33	-859	-170	233	248	191	-269
83315766	36	32	32	32	-1165	-183	-47	246	186	-269
83320256	36	32	32	32	-1097	-138	-260	245	182	-270
83324639	36	33	33	33	-714	-25	-594	244	179	-272
83329138	36	32	32	32	-457	87	-390	244	178	-273
83333520	36	34	34	34	-315	15	-21	243	177	-273
83337979	36	33	33	33	75	-120	-115	242	177	-273
83342352	36	32	32	32	497	7	-64	241	179	-273
83346768	36	32	32	32	538	111	113	241	181	-272
83351258	36	32	32	32	684	171	-11	241	184	-272
83355646	36	34	34	34	862	309	-181	241	187	-272
83360026	36	35	35	35	1055	332	-426	241	191	-274
83364427	36	34	34	34	755	175	-387	241	194	-275
83368841	36	36	36	36	427	-77	-177	240	196	-275
83373237	36	34	34	34	351	-203	-294	238	197	-276
83377624	36	32	32	32	-16	-172	-24	236	197	-276
83382107	36	32	32	32	-333	-160	443	235	196	-274
83386510	36	32	32	32	-558	-135	302	233	193	-273
83390998	36	32	32	32	-759	-52	62	232	190	-273
83395412	36	32	32	32	-918	-102	-15	231	187	-273
83399877	36	32	32	32	-1003	-184	-41	230	183	-272
83404283	36	33	33	33	-822	-159	152	228	180	-272
83408655	36	33	33	33	-439	-43	158	228	178	-271
83464860	36	35	35	35	-315	41	43	227	177	-270
83469307	36	38	38	38	-228	14	-333	226	176	-271
83473652	36	37	37	37	-34	89	-857	226	176	-275
83477927	36	37	37	37	-26	201	-983	226	176	-278
83482197	36	37	37	37	-97	181	-944	226	176	-281
83486478	36	36	36	36	-201	114	-617	226	176	-284
83490744	36	36	36	36	-341	-1	88	225	174	-283
83495025	36	35	35	35	-440	-123	644	223	173	-280
83499288	36	34	34	34	-714	-149	974	222	170	-276
83503633	36	35	35	35	-791	-228	798	220	167	-273
83507910	36	33	33	33	-784	-257	259	219	164	-272
83512260	36	34	34	34	-901	-126	31	217	161	-271
83516548	36	33	33	33	-768	-44	-336	217	158	-272
83520814	36	32	32	32	-462	-3	-753	216	156	-275
83525190	36	32	32	32	-291	36	-317	215	155	-276
83529460	36	32	32	32	-180	22	429	215	155	-274
83533811	36	32	32	32	66	-24	728	214	155	-271
83538067	36	32	32	32	230	47	847	214	156	-268
83542329	36	33	33	33	360	25	516	213	158	-265
83546609	36	32	32	32	435	-66	-170	212	159	-266
83550872	36	32	32	32	409	63	-615	211	161	-268
83555153	36	32	32	32	357	171	-813	211	163	-271
83559428	36	32	32	32	281	171	-725	211	164	-273
83563788	36	33	33	33	95	119	-101	210	164	-274
83568042	36	34	34	34	-128	-30	618	209	164	-271
83572301	36	33	33	33	-262	-151	859	208	163	-267
83576679	36	32	32	32	-465	-125	876	207	161	-264
83580946	36	32	32	32	-534	-125	482	206	159	-262
83585331	36	32	32	32	-596	-213	-4	204	157	-262
83589590	36	32	32	32	-594	-90	-388	203	155	-263
83593895	36	32	32	32	-309	-22	-962	202	154	-266
83598223	36	31	31	31	-141	-22	-903	202	153	-270
83602491	36	32	32	32	-100	25	-203	201	153	-270
83606775	36	31	31	31	28	20	157	201	153	-269
83611029	36	30	30	30	290	106	194	200	155	-268
83615314	36	31	31	31	395	185	238	200	156	-267
83619584	36	32	32	32	517	186	-138	200	158	-268
83623968	36	32	32	32	562	36	-569	200	161	-270
83628438	36	33	33	33	432	59	-704	199	162	-272
83632843	36	32	32	32	328	108	-714	199	164	-275
83637335	36	32	32	32	197	-43	-465	198	165	-276
83641736	36	33	33	33	43	-69	106	197	165	-275
83646194	36	33	33	33	-132	-42	513	196	164	-273
83650591	36	32	32	32	-220	-80	695	195	164	-270
83654997	36	32	32	32	-478	-93	727	194	162	-267
83659485	36	32	32	32	-549	-113	403	192	160	-266
83663882	36	32	32	32	-622	-136	296	191	158	-264
83668273	36	33	33	33	-497	-28	-1	190	156	-264
83672657	36	32	32	32	-293	10	-387	190	155	-265
83677058	36	32	32	32	-184	-88	-198	189	154	-266
83681446	36	32	32	32	-49	-96	9	188	154	-266
83685826	36	31	31	31	231	49	-60	188	155	-266
83690331	36	30	30	30	407	158	1	188	157	-265
83694721	36	32	32	32	330	242	100	188	158	-265
83699221	36	33	33	33	560	209	-179	188	160	-265
83703596	36	34	34	34	522	62	-286	187	163	-266
83708039	36	33	33	33	318	100	-385	187	164	-268
83712416	36	32	32	32	278	38	-566	186	165	-269
83716833	36	32	32	32	270	-83	-186	185	166	-270
83721316	36	32	32	32	49	-7	409	184	166	-268
83725692	36	32	32	32	-179	31	574	184	166	-266
83730072	36	32	32	32	-455	-47	613	183	164	-263
83734477	36	32	32	32	-532	-100	620	182	162	-261
83738879	36	32	32	32	-550	-33	276	181	160	-259
83743268	36	32	32	32	-689	8	171	180	158	-258
83747656	36	32	32	32	-508	57	62	180	156	-258
83752134	36	32	32	32	-216	25	-68	180	155	-258
83756543	36	32	32	32	-127	-169	158	178	155	-257
83761031	36	32	32	32	-35	-46	394	178	155	-256
83765441	36	30	30	30	174	143	478	178	155	-254
83769853	36	31	31	31	172	143	292	178	156	-252
83774257	36	32	32	32	304	120	11	177	157	-252
83778662	36	33	33	33	535	190	-326	177	160	-253
83834818	36	37	37	37	576	299	-525	178	162	-255
83839247	36	39	39	39	465	317	-650	178	164	-258
83843589	36	38	38	38	429	434	-891	179	166	-261
83847855	36	38	38	38	466	426	-662	180	168	-263
83852101	36	38	38	38	360	228	-368	181	169	-265
83856376	36	36	36	36	369	97	-173	180	171	-265
83860620	36	36	36	36	448	121	148	180	173	-264
83864871	36	35	35	35	584	130	17	180	175	-264
83869137	36	33	33	33	677	83	-319	180	178	-265
83873480	36	33	33	33	542	132	-477	179	180	-267
83877754	36	33	33	33	457	250	-688	180	182	-270
83882076	36	33	33	33	564	292	-907	180	184	-273
83886354	36	34	34	34	475	220	-669	180	186	-275
83890602	36	35	35	35	257	133	-301	180	187	-276
83894978	36	35	35	35	177	49	45	179	188	-276
83899231	36	36	36	36	132	21	444	179	188	-274
83903566	36	35	35	35	-2	-55	360	178	188	-272
83907840	36	34	34	34	-72	-152	-28	177	188	-272
83912090	36	34	34	34	-119	-54	-151	176	187	-272
83916368	36	34	34	34	-360	76	-240	175	186	-273
83920618	36	33	33	33	-140	31	-508	175	186	-275
83924873	36	33	33	33	-77	29	-356	175	185	-276
83929142	36	33	33	33	-160	39	-43	174	185	-276
83933424	36	33	33	33	95	-13	102	174	185	-275
83937688	36	32	32	32	188	40	384	173	186	-273
83941937	36	32	32	32	259	18	274	173	187	-272
83946295	36	32	32	32	276	-27	-137	172	188	-273
83950553	36	32	32	32	245	68	-296	171	189	-274
83954909	36	32	32	32	259	121	-573	171	190	-276
83959176	36	32	32	32	340	65	-759	171	191	-278
83963526	36	33	33	33	154	76	-258	170	192	-279
83967787	36	34	34	34	104	43	248	170	192	-278
83972035	36	34	34	34	60	11	604	169	192	-275
83976299	36	34	34	34	-80	-92	734	168	192	-272
83980545	36	34	34	34	-47	-240	293	166	192	-270
83984819	36	32	32	32	-140	-103	34	166	191	-270
83989090	36	33	33	33	-326	2	-45	165	190	-270
83993346	36	33	33	33	-254	12	-469	165	189	-271
108786884	36	29	29	29	384	-141	-478	-7	156	-250
108791285	36	29	29	29	169	-245	-303	-8	157	-251
108795653	36	29	29	29	-153	-169	132	-8	156	-250
108800142	36	29	29	29	-345	-22	349	-8	155	-248
108804527	36	29	29	29	-424	15	449	-8	153	-245
108809019	36	31	31	31	-732	5	855	-8	151	-242
108813415	36	32	32	32	-1006	-37	919	-8	147	-238
108817871	36	32	32	32	-644	-113	342	-8	145	-236
108822251	36	33	33	33	-649	-96	232	-8	142	-235
108826652	36	34	34	34	-870	-48	353	-7	139	-234
108831140	36	32	32	32	-477	-34	-121	-7	137	-235
108835517	36	32	32	32	-213	-84	-430	-7	137	-237
108839912	36	34	34	34	106	-11	-282	-7	137	-238
108896098	36	38	38	38	492	111	-228	-6	140	-240
108900523	36	42	42	42	322	-110	52	-6	141	-240
108904799	36	41	41	41	453	-240	346	-6	143	-239
108909057	36	40	40	40	870	-143	336	-7	147	-238
108913409	36	39	39	39	834	-166	374	-7	150	-237
108917665	36	37	37	37	809	-112	287	-7	154	-236
108922015	36	35	35	35	748	-71	31	-7	157	-236
108926296	36	34	34	34	587	-199	-342	-8	159	-238
108930643	36	34	34	34	552	-162	-763	-9	161	-240
108934919	36	33	33	33	89	-85	-626	-9	162	-243
108939165	36	32	32	32	-77	-182	-286	-10	162	-243
108943523	36	32	32	32	-221	-189	-9	-10	161	-243
108947770	36	32	32	32	-669	-106	751	-11	158	-239
108952017	36	32	32	32	-600	-70	1288	-11	156	-234
108956295	36	32	32	32	-646	-98	1174	-11	154	-229
108960545	36	33	33	33	-602	-129	853	-12	152	-226
108964826	36	35	35	35	-613	-224	596	-12	150	-224
108969086	36	33	33	33	-416	-207	135	-13	148	-223
108973444	36	32	32	32	-27	-34	-552	-13	148	-226
108977689	36	32	32	32	348	13	-463	-13	150	-228
108982028	36	33	33	33	670	4	105	-12	152	-228
108986308	36	32	32	32	831	7	24	-12	156	-229
108990565	36	32	32	32	1093	40	-154	-11	160	-230
108994942	36	32	32	32	969	150	4	-10	164	-230
108999194	36	32	32	32	806	113	87	-10	167	-230
109003505	36	33	33	33	559	-139	216	-10	169	-229
109007763	36	33	33	33	588	-107	-26	-10	172	-229
109012020	36	32	32	32	313	56	-332	-10	173	-230
109016288	36	31	31	31	-232	-105	-171	-10	172	-231
109020545	36	31	31	31	-350	-327	-271	-11	171	-231
109024820	36	29	29	29	-639	-246	-208	-12	168	-231
109029080	36	30	30	30	-768	-192	246	-12	165	-230
109033452	36	31	31	31	-814	-64	449	-12	162	-228
109037700	36	30	30	30	-961	244	576	-11	159	-225
109041959	36	32	32	32	-792	34	477	-10	156	-224
109046327	36	34	34	34	-786	-162	420	-11	153	-222
109050578	36	34	34	34	-661	-25	305	-11	150	-221
109055036	36	33	33	33	-174	-10	-76	-10	150	-222
109059405	36	33	33	33	240	-43	77	-10	151	-222
109063807	36	35	35	35	341	-78	378	-10	152	-222
109068271	36	34	34	34	642	-92	75	-10	155	-222
109072675	36	32	32	32	859	-25	-224	-10	158	-223
109077041	36	32	32	32	699	100	-174	-9	161	-224
109081434	36	32	32	32	673	0	-232	-9	164	-225
109085803	36	32	32	32	499	-128	-369	-10	166	-226
109090195	36	33	33	33	388	-97	-683	-10	168	-229
109094605	36	32	32	32	164	-219	-639	-11	168	-231
109099075	36	32	32	32	-328	-306	-143	-12	167	-231
109103466	36	30	30	30	-467	-237	25	-13	165	-230
109107932	36	29	29	29	-546	-94	260	-13	163	-229
109112308	36	30	30	30	-854	89	800	-12	160	-225
109116753	36	31	31	31	-807	147	985	-12	157	-222
109121148	36	33	33	33	-808	4	811	-11	154	-218
109125508	36	34	34	34	-622	-235	579	-12	152	-216
109129997	36	34	34	34	-491	-244	446	-13	150	-215
109134388	36	33	33	33	-209	-91	176	-13	149	-215
109138785	36	31	31	31	426	-89	-369	-13	151	-217
109143147	36	32	32	32	578	-66	-380	-13	153	-219
109147528	36	33	33	33	688	47	-156	-13	156	-220
109151903	36	32	32	32	713	168	-346	-12	159	-222
109156306	36	32	32	32	620	273	-297	-10	162	-223
109160773	36	32	32	32	660	147	-140	-9	164	-224
109165167	36	32	32	32	626	-103	-128	-10	167	-225
109169649	36	33	33	33	391	-146	23	-10	168	-224
109174037	36	32	32	32	109	-178	-48	-11	169	-224
109178476	36	31	31	31	-242	-315	30	-12	168	-223
109182871	36	31	31	31	-657	-318	361	-13	165	-222
109187263	36	30	30	30	-766	-154	196	-13	162	-220
109191711	36	28	28	28	-826	-29	239	-13	159	-219
109196109	36	30	30	30	-812	-52	580	-13	156	-217
109200487	36	32	32	32	-592	31	340	-13	154	-215
109204889	36	32	32	32	-642	109	164	-12	152	-215
109209272	36	33	33	33	-392	1	120	-12	150	-214
109213664	36	34	34	34	-185	45	102	-11	150	-215
109269832	36	38	38	38	-319	145	212	-10	149	-214
109274268	36	40	40	40	-78	-9	111	-10	149	-214
109278543	36	38	38	38	-61	-34	-72	-10	149	-215
109282881	36	35	35	35	-40	45	-302	-9	149	-216
109287137	36	34	34	34	84	-32	-628	-9	149	-219
109291472	36	33	33	33	0	-3	-850	-9	149	-222
109295723	36	32	32	32	-288	-9	-709	-9	149	-224
109299997	36	32	32	32	-526	-92	-505	-9	147	-225
109304357	36	31	31	31	-554	-123	-211	-9	145	-226
109308626	36	31	31	31	-802	-23	397	-9	142	-224
109312972	36	32	32	32	-841	-52	739	-9	139	-221
109317239	36	32	32	32	-965	-161	887	-10	135	-217
109321491	36	33	33	33	-958	-36	723	-10	132	-214
109325733	36	32	32	32	-719	-85	110	-10	129	-214
109330003	36	32	32	32	-706	-174	-90	-10	127	-214
109334359	36	32	32	32	-389	-10	-91	-10	125	-215
109338627	36	31	31	31	-34	97	-207	-9	125	-217
109342938	36	33	33	33	239	-23	106	-9	127	-217
109347185	36	35	35	35	416	-82	474	-9	128	-215
109351436	36	33	33	33	362	-33	535	-9	130	-214
109355785	36	32	32	32	362	-33	445	-9	132	-213
109360057	36	32	32	32	358	-63	205	-9	133	-212
109364408	36	32	32	32	426	-116	-22	-9	135	-212
109368684	36	32	32	32	201	-112	-352	-10	136	-213
109372935	36	31	31	31	58	-181	-558	-10	136	-215
109377185	36	31	31	31	-122	-248	-257	-11	136	-216
109381443	36	30	30	30	-554	-224	258	-12	134	-214
109385681	36	30	30	30	-537	-268	688	-13	132	-211
109389948	36	30	30	30	-690	-92	1017	-13	130	-207
109394310	36	30	30	30	-779	70	1149	-12	127	-202
109398590	36	32	32	32	-788	-41	1034	-13	124	-198
109402864	36	32	32	32	-652	-5	399	-12	122	-197
109407190	36	32	32	32	-382	29	-339	-12	121	-198
109411443	36	32	32	32	-310	-17	-269	-12	120	-200
109415789	36	32	32	32	108	-1	-135	-12	120	-201
109420054	36	32	32	32	504	-77	-317	-12	122	-203
109424414	36	32	32	32	643	-188	-11	-12	125	-204
109480501	36	36	36	36	679	-221	307	-13	128	-203
109484942	36	38	38	38	869	-239	216	-13	132	-203
109489289	36	38	38	38	1003	-310	308	-14	136	-203
109493556	36	38	38	38	1114	-278	311	-15	141	-202
109497818	36	35	35	35	1362	-196	-144	-15	146	-204
109502088	36	35	35	35	1440	-149	-224	-15	152	-205
109506363	36	35	35	35	1234	116	46	-14	157	-206
109510618	36	33	33	33	917	342	-132	-12	160	-207
109514888	36	34	34	34	879	140	-411	-12	164	-209
109519234	36	35	35	35	850	-29	-613	-11	167	-211
109523497	36	35	35	35	683	-107	-666	-12	170	-213
109527798	36	34	34	34	306	-339	-483	-13	171	-215
109532035	36	32	32	32	84	-483	-377	-14	172	-216
109536316	36	31	31	31	-124	-497	68	-16	171	-215
109540660	36	31	31	31	-554	-296	635	-17	169	-212
109544937	36	30	30	30	-570	-76	682	-17	167	-209
109549289	36	31	31	31	-586	-40	577	-17	165	-207
109553550	36	32	32	32	-598	62	580	-16	162	-205
109557808	36	33	33	33	-477	76	321	-16	161	-204
109562079	36	33	33	33	-342	-16	77	-15	160	-204
109566355	36	35	35	35	-6	-25	9	-15	160	-204
109570602	36	35	35	35	230	-66	62	-15	161	-205
109574885	36	36	36	36	400	-255	287	-16	162	-204
109579185	36	36	36	36	603	-289	30	-16	165	-205
109583461	36	33	33	33	628	-41	-293	-16	167	-207
109587702	36	32	32	32	460	33	-174	-16	169	-208
109592035	36	32	32	32	507	-37	-344	-16	171	-209
109596312	36	32	32	32	473	-87	-728	-16	173	-212
109600665	36	32	32	32	315	-93	-715	-16	174	-215
109604948	36	32	32	32	26	-117	-427	-16	175	-216
109609302	36	31	31	31	-286	-156	-34	-17	173	-216
109613579	36	31	31	31	-262	-189	120	-17	172	-215
109617837	36	31	31	31	-474	-156	465	-18	171	-212
109622084	36	32	32	32	-762	-41	997	-18	168	-208
109626358	36	32	32	32	-640	-20	611	-18	165	-205
109630599	36	32	32	32	-530	-44	32	-18	163	-205
109634873	36	33	33	33	-669	-106	95	-18	161	-205
109639262	36	33	33	33	-398	-145	-54	-18	160	-206
109643756	36	32	32	32	-172	-34	-221	-18	159	-207
109648134	36	33	33	33	163	-32	-171	-18	160	-208
109652625	36	34	34	34	584	-112	-127	-18	162	-210
109657012	36	35	35	35	632	-146	78	-18	165	-210
109661476	36	34	34	34	606	-128	-212	-18	167	-211
109665871	36	32	32	32	622	133	-720	-17	170	-215
109670243	36	32	32	32	558	191	-583	-16	172	-217
109674738	36	33	33	33	367	-68	-370	-17	173	-218
109679125	36	33	33	33	450	-106	-449	-17	175	-220
109683519	36	32	32	32	165	-119	-204	-17	176	-220
109687895	36	30	30	30	-134	-285	182	-18	175	-219
109692269	36	31	31	31	-344	-335	466	-19	174	-217
109696658	36	30	30	30	-516	-145	457	-19	172	-215
109701041	36	29	29	29	-598	59	456	-19	170	-212
109705499	36	32	32	32	-861	-32	595	-19	166	-210
109709907	36	33	33	33	-612	-111	91	-19	164	-209
109714400	36	32	32	32	-464	-38	-422	-19	162	-211
109718794	36	33	33	33	-456	-53	-197	-19	161	-212
109723198	36	34	34	34	-254	5	34	-18	160	-212
109727592	36	34	34	34	-37	85	167	-17	160	-212
109731959	36	35	35	35	301	-85	290	-17	161	-212
109736468	36	36	36	36	564	-193	184	-18	164	-212
109740853	36	36	36	36	486	-127	260	-18	166	-211
109745229	36	33	33	33	397	-45	15	-18	167	-212
109749598	36	32	32	32	669	-61	-566	-18	170	-214
109753992	36	32	32	32	518	-86	-551	-18	172	-217
109758391	36	32	32	32	183	35	-354	-18	173	-218
109762774	36	31	31	31	48	-40	-430	-18	173	-219
109767249	36	31	31	31	-226	-109	-245	-18	172	-220
109771630	36	31	31	31	-226	-95	136	-18	171	-219
109776122	36	32	32	32	-520	-178	620	-19	169	-216
109780509	36	32	32	32	-610	-127	782	-19	167	-212
109784960	36	32	32	32	-549	-16	598	-19	165	-210
109789340	36	32	32	32	-783	-40	603	-19	162	-207
109793759	36	34	34	34	-648	-209	239	-20	159	-206
109849915	36	37	37	37	-566	-307	-121	-21	158	-207
109854367	36	40	40	40	-440	-381	149	-22	156	-207
109858726	36	38	38	38	-140	-404	38	-23	156	-207
109862975	36	36	36	36	-1	-302	-248	-24	156	-208
109867248	36	35	35	35	-132	-114	-90	-24	156	-209
109871500	36	34	34	34	-140	-67	-303	-24	155	-210
109875743	36	33	33	33	-213	-202	-674	-25	155	-212
109880012	36	34	34	34	-230	-189	-865	-26	154	-215
109884254	36	33	33	33	-273	-155	-906	-26	153	-218
109888622	36	32	32	32	-418	-154	-481	-26	151	-219
109892866	36	32	32	32	-562	-346	6	-27	149	-219
109897217	36	31	31	31	-674	-369	242	-29	147	-217
109901468	36	31	31	31	-833	-75	658	-29	144	-214
109905723	36	32	32	32	-876	-11	759	-29	141	-211
109910084	36	32	32	32	-761	28	222	-28	138	-210
109914349	36	33	33	33	-747	32	-126	-28	135	-211
109918687	36	34	34	34	-468	-80	-268	-28	134	-212
109922931	36	33	33	33	-321	-108	-277	-28	133	-214
109927172	36	33	33	33	115	-190	-353	-29	133	-216
109931427	36	33	33	33	497	-254	-211	-29	135	-217
109935665	36	34	34	34	404	-211	430	-30	137	-216
109939936	36	34	34	34	470	-189	416	-30	139	-215
109944205	36	32	32	32	439	10	-133	-30	141	-215
109948579	36	32	32	32	368	110	-454	-29	143	-217
109952837	36	32	32	32	369	-68	-744	-29	144	-220
109957110	36	32	32	32	310	-76	-875	-29	145	-223
109961454	36	32	32	32	132	-90	-725	-29	146	-226
109965691	36	31	31	31	16	-226	-438	-30	146	-227
109970006	36	31	31	31	-204	-283	175	-30	146	-226
109974254	36	30	30	30	-554	-279	649	-31	144	-223
109978537	36	29	29	29	-531	-144	583	-32	142	-220
109982877	36	30	30	30	-565	63	608	-31	140	-218
109987135	36	32	32	32	-580	74	427	-31	138	-216
109991391	36	32	32	32	-540	-71	-152	-30	136	-217
109995630	36	33	33	33	-435	-38	-345	-30	134	-218
109999891	36	33	33	33	-136	21	-323	-30	134	-220
110004144	36	34	34	34	10	-81	-52	-30	134	-221
110008537	36	34	34	34	265	-91	95	-30	135	-221
110013008	36	34	34	34	505	-186	-32	-30	138	-222
110017402	36	34	34	34	418	-157	273	-30	139	-221
110021863	36	32	32	32	368	118	214	-30	141	-220
110026258	36	31	31	31	482	-53	-520	-29	143	-223
110030734	36	30	30	30	375	-190	-890	-30	145	-226
110035143	36	31	31	31	316	-32	-914	-30	146	-229
110039508	36	30	30	30	90	-25	-638	-30	146	-231
110044001	36	30	30	30	-116	-58	-119	-30	146	-231
110048393	36	31	31	31	-131	-97	157	-30	146	-230
110052776	36	30	30	30	-418	-81	634	-30	144	-227
110057155	36	31	31	31	-687	-15	1016	-30	142	-223
110061534	36	31	31	31	-410	21	596	-30	140	-220
110065932	36	31	31	31	-388	23	256	-29	139	-219
110070309	36	32	32	32	-599	-71	228	-29	137	-219
110074798	36	32	32	32	-343	-46	-44	-29	136	-219
110079173	36	32	32	32	-195	133	-143	-28	135	-220
110083666	36	33	33	33	151	-6	-75	-28	136	-221
110088048	36	35	35	35	295	-223	463	-28	137	-220
110092545	36	35	35	35	380	-194	762	-29	139	-217
110096924	36	32	32	32	473	-147	282	-29	141	-217
110101316	36	32	32	32	408	28	247	-29	143	-216
110105780	36	31	31	31	405	158	305	-28	144	-215
110110175	36	30	30	30	244	50	-288	-27	145	-216
110114583	36	31	31	31	243	-30	-636	-27	146	-219
110118969	36	32	32	32	-35	62	-359	-27	146	-220
110123365	36	31	31	31	-142	34	83	-26	146	-219
110127739	36	31	31	31	-289	-247	640	-27	145	-216
110132138	36	31	31	31	-447	-293	905	-28	143	-212
110136628	36	30	30	30	-554	-62	1139	-28	141	-207
110141017	36	31	31	31	-794	-31	1237	-28	138	-202
110145491	36	32	32	32	-491	-36	357	-28	137	-201
110149887	36	32	32	32	-502	108	-365	-27	135	-202
110154387	36	33	33	33	-518	-23	-202	-27	133	-203
110158782	36	32	32	32	-268	-53	-169	-27	132	-205
110163156	36	32	32	32	-118	85	-70	-26	132	-206
110219336	36	36	36	36	-11	60	153	-26	132	-206
110223790	36	39	39	39	-144	122	190	-25	132	-205
110228132	36	38	38	38	-209	128	86	-24	132	-205
110232411	36	37	37	37	-123	25	-158	-24	131	-206
110236675	36	37	37	37	-128	-75	-263	-24	131	-207
110240937	36	35	35	35	-250	-86	-456	-24	131	-208
110245192	36	33	33	33	-342	-160	-472	-24	129	-210
110249445	36	32	32	32	-413	-295	-163	-25	128	-210
110253719	36	30	30	30	-420	-250	38	-26	127	-209
110258016	36	29	29	29	-442	-118	331	-26	125	-207
110262279	36	31	31	31	-538	36	593	-26	123	-205
110266565	36	32	32	32	-544	154	445	-25	121	-203
110270904	36	32	32	32	-585	120	263	-24	119	-202
110275160	36	34	34	34	-502	-54	44	-24	118	-202
110279505	36	34	34	34	-453	-107	-83	-24	116	-203
110283782	36	34	34	34	-291	-73	-53	-24	116	-204
110288099	36	32	32	32	110	-124	-245	-25	116	-205
110292374	36	32	32	32	354	-225	-178	-25	118	-207
110296634	36	33	33	33	377	-117	186	-25	120	-207
110300891	36	32	32	32	332	62	112	-25	121	-207
110305140	36	31	31	31	294	-5	-159	-24	122	-208
110309386	36	31	31	31	294	44	-165	-24	124	-209
110313663	36	32	32	32	297	36	-210	-24	125	-209
110317966	36	31	31	31	75	-113	-330	-24	126	-210
110322276	36	31	31	31	47	-151	-336	-24	126	-211
110326547	36	30	30	30	-220	-181	58	-25	125	-210
110330892	36	28	28	28	-429	-252	351	-26	124	-208
110335142	36	28	28	28	-261	-220	284	-27	123	-207
110339465	36	29	29	29	-368	25	557	-26	122	-204
110343742	36	30	30	30	-520	98	917	-26	120	-201
110347995	36	32	32	32	-520	-104	852	-26	118	-197
110352370	36	33	33	33	-508	-111	590	-26	117	-195
110356639	36	33	33	33	-501	-31	415	-26	115	-194
110360897	36	32	32	32	-392	-63	445	-26	114	-193
110365148	36	33	33	33	-117	-95	429	-26	114	-192
110369386	36	32	32	32	280	-200	10	-26	115	-193
110373658	36	32	32	32	449	-162	-62	-27	117	-194
110378040	36	32	32	32	451	21	271	-26	119	-194
110382542	36	30	30	30	412	124	26	-25	121	-194
110386924	36	30	30	30	360	86	-298	-25	122	-195
110391365	36	32	32	32	410	22	-225	-25	124	-196
110395720	36	32	32	32	321	-27	-110	-24	126	-197
110400212	36	30	30	30	80	-138	88	-25	126	-196
110404607	36	29	29	29	21	-212	24	-26	126	-195
110408993	36	29	29	29	-188	-285	239	-27	126	-194
110413466	36	28	28	28	-421	-176	637	-27	124	-191
110417842	36	28	28	28	-326	-109	320	-27	123	-190
110422227	36	29	29	29	-385	-97	223	-27	122	-188
110426639	36	31	31	31	-617	123	596	-27	120	-186
110431023	36	32	32	32	-542	41	416	-27	118	-185
110435405	36	32	32	32	-630	-24	161	-26	116	-185
110439789	36	33	33	33	-533	-40	133	-26	114	-185
110444268	36	34	34	34	-201	-176	169	-27	114	-185
110448673	36	33	33	33	77	-228	267	-27	114	-185
110453155	36	32	32	32	353	-328	-178	-28	116	-186
110457553	36	30	30	30	657	-184	-526	-28	118	-189
110462033	36	30	30	30	596	28	-242	-28	121	-190
110466439	36	30	30	30	357	127	-219	-27	123	-191
110470806	36	31	31	31	414	174	-450	-26	124	-193
110475303	36	32	32	32	399	137	-325	-25	126	-195
110479699	36	32	32	32	428	-14	-95	-25	128	-195
110484091	36	31	31	31	73	-193	129	-26	128	-194
110488479	36	30	30	30	100	-311	59	-27	129	-193
110492858	36	28	28	28	26	-284	55	-28	129	-192
110497240	36	28	28	28	-367	-76	216	-28	128	-191
110501630	36	29	29	29	-382	-52	-118	-28	127	-191
110506127	36	30	30	30	-495	-23	-350	-28	125	-193
110510497	36	32	32	32	-616	85	-134	-27	123	-193
110514995	36	33	33	33	-647	-14	-180	-27	121	-194
110519380	36	32	32	32	-596	-108	-240	-27	119	-196
110523873	36	33	33	33	-319	-131	-157	-27	118	-197
110528242	36	32	32	32	-44	-150	-87	-27	118	-198
110532640	36	32	32	32	141	-190	-27	-27	119	-199
110588815	36	35	35	35	298	-234	-81	-28	120	-200
110593231	36	38	38	38	287	-180	-284	-28	121	-201
110597588	36	37	37	37	182	-115	-631	-28	123	-204
110601845	36	37	37	37	22	-106	-757	-28	123	-207
110606119	36	35	35	35	-102	-197	-738	-28	123	-210
110610381	36	33	33	33	-72	-292	-672	-29	123	-212
110614637	36	33	33	33	-153	-190	-131	-30	122	-213
110618895	36	33	33	33	-217	-222	432	-30	122	-211
110623139	36	32	32	32	-302	-259	698	-31	121	-208
110627498	36	34	34	34	-321	-33	863	-30	120	-205
110631742	36	34	34	34	-227	-13	583	-30	119	-204
110636112	36	34	34	34	-272	-73	84	-30	119	-204
110640360	36	34	34	34	40	-148	-523	-30	119	-207
110644615	36	33	33	33	382	-120	-632	-30	121	-210
110648974	36	33	33	33	336	-80	-239	-30	122	-211
110653210	36	33	33	33	504	-151	-283	-30	125	-213
110657547	36	31	31	31	648	-16	-284	-30	127	-215
110661798	36	31	31	31	416	4	151	-29	129	-214
110666068	36	31	31	31	351	-23	262	-29	131	-213
110670328	36	31	31	31	215	11	0	-29	132	-213
110674604	36	31	31	31	109	-52	-354	-29	132	-214
110678865	36	30	30	30	45	-75	-773	-29	133	-217
110683126	36	30	30	30	-142	-71	-684	-29	132	-219
110687499	36	29	29	29	-217	-191	-513	-29	132	-221
110691748	36	29	29	29	-275	-133	-450	-29	131	-222
110696020	36	30	30	30	-432	73	148	-29	129	-221
110700355	36	30	30	30	-481	63	580	-28	128	-219
110704604	36	31	31	31	-469	113	432	-27	126	-217
110708947	36	33	33	33	-427	129	182	-27	125	-217
110713204	36	34	34	34	-401	0	-85	-26	123	-218
110717478	36	34	34	34	-342	-99	-325	-26	122	-219
110721829	36	33	33	33	20	-138	-587	-27	123	-222
110726104	36	32	32	32	196	-202	-382	-27	124	-224
110730355	36	32	32	32	141	-143	312	-27	124	-224
110734608	36	31	31	31	340	-109	357	-27	126	-223
110738861	36	29	29	29	428	-176	-16	-28	128	-223
110743109	36	29	29	29	342	66	-135	-27	129	-223
110747501	36	30	30	30	309	103	-388	-26	131	-225
110751962	36	31	31	31	184	9	-703	-26	131	-227
110756375	36	32	32	32	117	-3	-849	-26	132	-230
110760861	36	31	31	31	12	-31	-624	-26	132	-232
110765235	36	30	30	30	-140	-148	-61	-26	132	-232
110769722	36	30	30	30	-228	-156	182	-27	131	-231
110774118	36	29	29	29	-169	-40	307	-27	131	-229
110778511	36	30	30	30	-332	-247	852	-27	130	-226
110782986	36	31	31	31	-459	-126	887	-28	128	-222
110787376	36	32	32	32	-354	45	200	-27	127	-222
110791742	36	32	32	32	-377	2	-180	-27	126	-223
110796147	36	32	32	32	-281	-16	-329	-27	125	-225
110800522	36	33	33	33	-131	-98	-271	-27	125	-226
110804923	36	32	32	32	281	-114	-319	-27	126	-228
110809298	36	32	32	32	491	-102	-234	-27	128	-229
110813780	36	32	32	32	378	-23	287	-27	130	-229
110818153	36	30	30	30	398	-67	155	-26	131	-228
110822663	36	29	29	29	423	-38	-434	-26	133	-230
110827046	36	30	30	30	344	37	-594	-26	135	-232
110831489	36	32	32	32	318	4	-749	-25	136	-235
110835876	36	31	31	31	199	-23	-804	-25	137	-237
110840251	36	30	30	30	-10	-127	-442	-26	137	-239
110844738	36	30	30	30	-27	-202	-143	-26	137	-239
110849124	36	30	30	30	-120	-122	332	-26	137	-237
110853500	36	30	30	30	-383	21	647	-26	135	-234
110857872	36	29	29	29	-265	-22	454	-26	135	-232
110862240	36	31	31	31	-307	26	467	-25	134	-230
110866640	36	31	31	31	-536	146	244	-24	132	-229
110871029	36	32	32	32	-389	9	-458	-24	130	-231
110875486	36	32	32	32	-443	-2	-614	-24	129	-234
110879873	36	33	33	33	-142	0	-329	-23	129	-236
110884357	36	32	32	32	-158	-213	157	-24	128	-236
110888760	36	32	32	32	148	-330	270	-25	129	-235
110893200	36	31	31	31	516	-288	-69	-25	131	-236
110897594	36	29	29	29	225	-105	-45	-26	132	-236
110901960	36	29	29	29	265	81	-400	-25	133	-238
110958140	36	32	32	32	246	132	-833	-24	135	-241
110962591	36	34	34	34	142	103	-789	-24	135	-244
110966936	36	33	33	33	103	-106	-454	-24	136	-246
110971195	36	33	33	33	161	-76	121	-24	137	-245
110975433	36	32	32	32	-59	122	477	-23	137	-243
110979675	36	32	32	32	-154	-22	737	-23	136	-240
110983947	36	34	34	34	-224	59	827	-22	136	-237
110988201	36	35	35	35	-325	144	697	-22	135	-235
110992478	36	35	35	35	-402	-70	498	-22	133	-233
110996832	36	34	34	34	-205	-168	91	-22	133	-233
111001100	36	33	33	33	84	-156	-94	-22	133	-234
111005436	36	32	32	32	23	-221	17	-23	134	-235
111009706	36	32	32	32	305	-226	-294	-23	135	-237
111013973	36	31	31	31	448	28	-605	-23	137	-239
111018346	36	31	31	31	258	231	-263	-22	138	-241
111022604	36	32	32	32	190	282	-43	-20	139	-241
111026942	36	32	32	32	121	172	-40	-19	140	-241
111031200	36	33	33	33	345	-4	-97	-19	141	-242
111035432	36	33	33	33	327	-71	-193	-19	143	-242
111039676	36	31	31	31	94	-134	-161	-19	143	-242
111043940	36	30	30	30	5	-310	-333	-20	143	-243
111048196	36	28	28	28	-80	-276	-400	-21	143	-244
111052472	36	28	28	28	-191	-3	-65	-21	142	-244
111056839	36	29	29	29	-296	-13	152	-20	141	-243
111061110	36	30	30	30	-219	62	63	-20	141	-242
111065349	36	32	32	32	-256	221	57	-19	140	-242
111069709	36	33	33	33	-233	62	47	-18	139	-242
111073969	36	33	33	33	-336	-69	56	-18	138	-242
111078329	36	34	34	34	-199	-166	-232	-18	137	-244
111082592	36	33	33	33	34	-229	-637	-19	138	-247
111086854	36	33	33	33	33	-58	-471	-19	138	-249
111091223	36	34	34	34	84	-35	-410	-18	139	-251
111095462	36	32	32	32	161	-183	-716	-19	139	-254
111099731	36	32	32	32	267	-68	-752	-19	141	-257
111103992	36	32	32	32	224	-44	-588	-19	142	-259
111108231	36	31	31	31	144	-72	-558	-19	142	-261
111112503	36	32	32	32	64	-68	-582	-19	143	-263
111116881	36	31	31	31	3	-132	-447	-19	143	-264
111121368	36	30	30	30	-80	-48	-178	-19	143	-264
111125730	36	29	29	29	-53	-37	-284	-19	142	-264
111130216	36	29	29	29	-4	28	-351	-19	143	-265
111134622	36	31	31	31	-133	37	148	-18	142	-264
111139104	36	32	32	32	-234	51	315	-18	141	-263
111143498	36	33	33	33	-231	78	51	-17	141	-262
111147880	36	33	33	33	-282	-74	37	-17	140	-262
111152373	36	34	34	34	-248	-146	65	-18	139	-262
111156744	36	34	34	34	-180	-271	66	-19	139	-263
111161136	36	32	32	32	77	-277	-333	-19	139	-264
111165503	36	32	32	32	355	-175	-929	-20	141	-268
111169905	36	32	32	32	285	-39	-735	-19	142	-271
111174295	36	32	32	32	172	93	-450	-19	143	-273
111178692	36	32	32	32	158	179	-590	-18	143	-276
111183143	36	32	32	32	276	187	-385	-17	145	-277
111187539	36	32	32	32	316	12	-105	-16	146	-277
111192000	36	32	32	32	181	-99	-48	-17	147	-277
111196412	36	31	31	31	-30	-303	-115	-18	147	-277
111200893	36	30	30	30	45	-326	-132	-19	147	-276
111205261	36	29	29	29	-38	-136	233	-19	147	-275
111209635	36	29	29	29	-336	-46	309	-19	146	-273
111214125	36	30	30	30	-257	7	109	-19	145	-272
111218517	36	32	32	32	-367	18	298	-19	144	-271
111222901	36	32	32	32	-457	72	363	-18	142	-269
111227281	36	32	32	32	-321	35	39	-18	141	-269
111231654	36	32	32	32	-309	31	-105	-17	140	-270
111236052	36	33	33	33	-113	5	-273	-17	140	-271
111240434	36	33	33	33	-109	-216	-221	-17	140	-272
111244925	36	34	34	34	92	-221	-143	-18	140	-273
111249291	36	32	32	32	467	-116	-427	-18	142	-275
111253776	36	32	32	32	322	-93	-277	-18	144	-276
111258150	36	32	32	32	238	-55	-17	-18	145	-277
111262653	36	31	31	31	324	-29	-340	-18	146	-278
111267024	36	29	29	29	389	36	-618	-18	148	-280
111271412	36	31	31	31	280	26	-556	-17	149	-282
111275885	36	-49	-49	-49	89	-30	-1359	-1	148	-286
111331944	36	-122	-122	-122	57	-26	-2139	28	146	-294
111336474	36	-103	-103	-103	-22	9	-1916	54	144	-301
111340693	36	-87	-87	-87	-16	-50	-1762	77	142	-308
111344947	36	-73	-73	-73	-174	-77	-1713	97	140	-315
111349185	36	-60	-60	-60	-129	-45	-1810	115	138	-322
111353434	36	-49	-49	-49	12	-143	-1870	130	137	-329
111357676	36	-39	-39	-39	-43	-163	-1500	143	136	-335
111361909	36	-30	-30	-30	190	-107	-1211	154	136	-340
111366262	36	-24	-24	-24	401	-55	-1246	165	136	-345
111370486	36	-18	-18	-18	304	-30	-1056	174	137	-349
111374738	36	-12	-12	-12	190	-4	-822	182	137	-351
111379072	36	-8	-8	-8	181	-49	-959	189	137	-355
111383293	36	-3	-3	-3	154	-107	-1112	194	138	-358
111387627	36	2	2	2	70	-125	-1232	199	137	-362
111391849	36	4	4	4	-68	-83	-1231	203	137	-366
111396195	36	6	6	6	-75	37	-982	207	136	-369
111400427	36	9	9	9	8	-21	-716	210	136	-371
111404661	36	12	12	12	-37	-15	-388	213	136	-372
111408899	36	16	16	16	-260	55	-59	216	135	-371
111413117	36	18	18	18	-154	-77	32	217	134	-370
111417354	36	21	21	21	-257	19	29	219	133	-370
111421585	36	23	23	23	-371	109	14	221	132	-370
111425840	36	25	25	25	-238	-152	-148	222	131	-370
111430162	36	26	26	26	62	-271	-360	222	131	-371
111434414	36	27	27	27	121	-280	-59	221	132	-372
111438760	36	27	27	27	58	-236	164	221	132	-371
111442985	36	26	26	26	353	-178	-240	221	134	-372
111447330	36	26	26	26	236	-1	-304	221	135	-373
111451564	36	27	27	27	206	49	-141	222	136	-373
111455791	36	27	27	27	212	-42	-346	221	137	-374
111460132	36	27	27	27	68	109	-600	222	137	-376
111464382	36	28	28	28	70	-98	-702	221	137	-378
111468634	36	28	28	28	-29	-165	-515	220	137	-379
111472870	36	27	27	27	-52	8	-243	220	137	-379
111477129	36	28	28	28	-159	-102	-36	219	137	-378
111481361	36	29	29	29	-358	-77	510	219	136	-375
111485583	36	29	29	29	-472	-21	769	218	134	-371
111489918	36	29	29	29	-274	-106	183	217	133	-370
111494288	36	31	31	31	-195	-86	-157	217	132	-370
111498767	36	32	32	32	-189	121	-185	217	132	-370
111503122	36	32	32	32	-107	102	-499	217	132	-372
111507495	36	33	33	33	9	-74	-712	216	132	-375
111511930	36	33	33	33	185	-150	-503	215	133	-376
111516315	36	33	33	33	180	-185	-166	214	134	-377
111520756	36	32	32	32	295	-148	-167	213	135	-378
111525134	36	32	32	32	413	29	-217	212	137	-378
111529479	36	32	32	32	315	66	-204	212	138	-379
111533861	36	31	31	31	187	-122	-516	211	139	-381
111538223	36	30	30	30	232	-137	-936	210	140	-384
111542613	36	30	30	30	148	-94	-1005	209	141	-387
111546966	36	30	30	30	60	-97	-778	208	141	-389
111551433	36	30	30	30	-149	-28	-445	207	141	-390
111555792	36	30	30	30	-225	44	-76	206	140	-389
111560261	36	31	31	31	-221	9	407	206	139	-386
111564623	36	32	32	32	-381	31	648	205	138	-383
111568989	36	32	32	32	-219	79	454	205	137	-380
111573461	36	32	32	32	-182	-79	413	204	137	-378
111577819	36	33	33	33	-388	-145	421	203	136	-376
111582266	36	33	33	33	-238	-78	63	202	135	-376
111586636	36	32	32	32	-26	-77	-166	201	135	-376
111590996	36	32	32	32	63	-155	26	200	135	-376
111595337	36	33	33	33	-17	-210	316	198	136	-375
111599690	36	33	33	33	311	-107	223	197	137	-374
111604068	36	32	32	32	463	51	169	197	139	-373
111608448	36	33	33	33	122	92	449	197	140	-371
111612849	36	33	33	33	348	-127	151	196	141	-371
111617203	36	31	31	31	380	-189	-461	195	143	-372
111621614	36	31	31	31	111	-47	-637	194	143	-374
111626032	36	31	31	31	72	-144	-614	193	144	-375
111630398	36	30	30	30	-82	-164	-462	191	144	-376
111634873	36	30	30	30	-168	-88	-195	190	143	-376
111639237	36	31	31	31	-233	-54	318	190	142	-374
111643676	36	31	31	31	-359	-82	707	189	141	-370
111648027	36	31	31	31	-275	-78	517	188	140	-367
111704179	36	34	34	34	-210	3	338	187	140	-365
111708601	36	37	37	37	-231	94	439	187	139	-363
111712836	36	38	38	38	-184	45	302	186	138	-361
111717075	36	40	40	40	-289	-82	-68	186	138	-361
111721305	36	41	41	41	-18	-193	-574	185	138	-363
111725526	36	39	39	39	16	-262	-656	183	138	-365
111729774	36	37	37	37	-88	-171	-345	182	138	-367
111734015	36	35	35	35	443	-244	-533	181	140	-369
111738344	36	34	34	34	652	-128	-644	180	143	-372
111742577	36	36	36	36	658	169	-312	180	146	-373
111746904	36	36	36	36	582	228	-343	181	148	-375
111751153	36	34	34	34	473	106	-724	181	150	-378
111755483	36	35	35	35	634	-132	-815	180	153	-380
111759730	36	34	34	34	616	-202	-867	178	155	-383
111763977	36	32	32	32	306	-162	-887	177	157	-386
111768291	36	31	31	31	-108	-278	-527	175	156	-387
111772545	36	31	31	31	-274	-322	-211	173	155	-387
111776790	36	29	29	29	-319	-153	-116	172	154	-386
111781040	36	29	29	29	-474	-57	384	171	152	-383
111785269	36	32	32	32	-594	-57	951	170	150	-378
111789486	36	32	32	32	-584	83	918	170	148	-374
111793747	36	33	33	33	-465	147	625	170	146	-371
111798076	36	36	36	36	-383	-3	211	169	145	-369
111802333	36	37	37	37	-419	-186	-53	168	144	-369
111806609	36	36	36	36	-360	-132	-254	167	143	-370
111810917	36	33	33	33	-26	-118	-614	166	143	-373
111815148	36	33	33	33	82	-241	-354	165	143	-374
111819460	36	34	34	34	350	-73	-73	165	145	-375
111823716	36	35	35	35	692	101	-344	165	148	-376
111828034	36	34	34	34	675	119	-375	165	150	-378
111832281	36	33	33	33	640	127	-267	165	153	-379
111836537	36	32	32	32	625	-8	-229	164	156	-379
111840767	36	33	33	33	718	-168	-269	163	158	-380
111845019	36	32	32	32	368	-98	-215	162	160	-380
111849343	36	31	31	31	-131	-150	-90	161	160	-379
111853590	36	30	30	30	-111	-350	-92	159	159	-378
111857825	36	31	31	31	-329	-103	279	158	158	-376
111862147	36	31	31	31	-577	54	695	157	156	-372
111866531	36	31	31	31	-489	-177	847	156	154	-368
111870992	36	32	32	32	-578	2	955	156	152	-363
111875333	36	35	35	35	-576	171	815	156	150	-359
111879742	36	36	36	36	-524	-23	434	155	148	-357
111884095	36	37	37	37	-492	-123	-37	155	146	-357
111888465	36	37	37	37	-390	-191	-317	154	145	-358
111892822	36	35	35	35	-410	-218	-136	153	144	-359
111897189	36	33	33	33	-112	-231	-165	152	144	-360
111901546	36	33	33	33	395	-55	-357	151	145	-362
111905913	36	34	34	34	459	229	-6	152	147	-362
111910343	36	33	33	33	226	169	285	152	148	-361
111914705	36	33	33	33	494	-136	75	151	150	-360
111919076	36	33	33	33	612	-130	-369	150	153	-362
111923540	36	31	31	31	338	6	-525	149	154	-363
111927889	36	29	29	29	106	-304	-639	147	155	-365
111932363	36	30	30	30	196	-460	-830	145	155	-367
111936739	36	31	31	31	-71	-187	-312	143	155	-367
111941198	36	30	30	30	-401	52	347	143	154	-365
111945550	36	29	29	29	-332	47	613	142	153	-361
111949921	36	32	32	32	-625	-14	1003	142	150	-357
111954285	36	34	34	34	-697	9	1281	141	148	-351
111958662	36	35	35	35	-421	-149	897	140	146	-347
111963025	36	37	37	37	-482	-211	435	139	145	-344
111967402	36	36	36	36	-500	-113	171	138	143	-344
111971854	36	33	33	33	-304	-159	-208	137	142	-344
111976235	36	32	32	32	-35	-157	-603	136	142	-347
111980585	36	32	32	32	257	-118	-630	135	143	-350
111985061	36	32	32	32	369	17	-355	135	145	-351
111989405	36	33	33	33	610	127	-411	136	147	-353
111993884	36	32	32	32	856	98	-472	136	151	-355
111998235	36	32	32	32	562	75	25	135	153	-355
112002717	36	32	32	32	413	-31	330	135	155	-353
112007089	36	31	31	31	663	-128	69	134	157	-353
112011454	36	30	30	30	544	-94	-163	133	160	-353
112015831	36	29	29	29	1	-96	-148	132	160	-352
112020185	36	30	30	30	-109	-191	-295	131	159	-352
112024553	36	31	31	31	-192	-111	-364	130	159	-353
112080690	36	33	33	33	-566	7	-220	129	157	-353
112085121	36	35	35	35	-447	-27	-58	129	155	-352
112089341	36	34	34	34	-510	-67	258	128	153	-350
112093588	36	35	35	35	-644	-14	585	128	151	-346
112097906	36	36	36	36	-835	134	709	128	148	-343
112102129	36	36	36	36	-783	178	248	129	145	-341
112106475	36	38	38	38	-656	71	-79	129	143	-341
112110697	36	39	39	39	-798	-65	26	128	140	-340
112114964	36	37	37	37	-466	-126	-279	127	138	-341
112119282	36	34	34	34	-232	-99	-439	127	138	-343
112123529	36	34	34	34	-149	-124	-3	126	137	-343
112127851	36	35	35	35	220	-14	264	126	139	-342
112132081	36	34	34	34	418	142	154	126	140	-341
112136335	36	34	34	34	383	93	-72	126	142	-341
112140556	36	33	33	33	344	-34	-304	126	144	-342
112144812	36	32	32	32	450	-52	-648	125	145	-345
112149057	36	32	32	32	515	-29	-1006	125	148	-348
112153276	36	32	32	32	316	-69	-752	124	149	-350
112157624	36	32	32	32	52	-111	-313	123	149	-351
112161865	36	32	32	32	-146	-186	-175	122	149	-351
112166120	36	31	31	31	-359	-136	332	121	148	-349
112170443	36	31	31	31	-444	-74	879	120	146	-344
112174700	36	32	32	32	-547	-62	978	119	144	-340
112179036	36	32	32	32	-675	22	840	119	142	-336
112183264	36	33	33	33	-735	64	653	119	139	-333
112187616	36	33	33	33	-747	60	86	119	136	-332
112191842	36	33	33	33	-365	-121	-630	118	135	-334
112196103	36	33	33	33	-251	-144	-452	117	134	-336
112200336	36	32	32	32	-215	-40	-94	117	134	-336
112204573	36	32	32	32	234	-108	-329	116	135	-338
112208813	36	32	32	32	521	59	-370	116	137	-339
112213049	36	32	32	32	595	221	-183	117	139	-340
112217305	36	32	32	32	593	192	-270	117	142	-341
112221618	36	31	31	31	660	8	-460	117	145	-343
112225866	36	32	32	32	635	-92	-570	116	147	-344
112230192	36	32	32	32	516	-42	-671	116	149	-347
112234425	36	31	31	31	391	-110	-824	115	151	-349
112238771	36	32	32	32	196	-202	-490	114	152	-350
112294833	36	35	35	35	86	-243	-86	112	152	-350
112299230	36	39	39	39	20	-298	119	111	153	-349
112303570	36	38	38	38	17	-489	96	108	153	-348
112307794	36	36	36	36	283	-569	-321	106	154	-348
112312116	36	35	35	35	398	-481	-498	104	156	-349
112316369	36	33	33	33	176	-367	-401	102	157	-350
112320597	36	32	32	32	-134	-467	-311	100	156	-350
112324854	36	32	32	32	-170	-508	-289	97	156	-350
112329093	36	32	32	32	-405	-237	117	96	154	-348
112333327	36	32	32	32	-835	-175	557	95	151	-345
112337555	36	33	33	33	-807	-228	648	94	148	-341
112341876	36	34	34	34	-1010	-187	735	93	145	-337
112346128	36	33	33	33	-1032	-148	564	92	141	-335
112350357	36	34	34	34	-850	-221	114	91	138	-333
112354707	36	34	34	34	-810	-243	-214	90	135	-334
112358946	36	33	33	33	-623	-169	-375	90	133	-335
112363245	36	33	33	33	-443	-103	-365	89	131	-336
112367488	36	32	32	32	-80	-53	-264	89	131	-337
112371728	36	33	33	33	128	-91	55	88	132	-337
112376078	36	33	33	33	309	-44	115	88	133	-336
112380303	36	32	32	32	554	-82	-315	87	136	-338
112384554	36	32	32	32	547	-197	-433	86	138	-339
112388794	36	32	32	32	466	-106	-426	85	140	-341
112393027	36	31	31	31	418	-67	-621	85	142	-343
112397276	36	30	30	30	355	-84	-646	84	143	-344
112401521	36	30	30	30	220	-131	-398	83	144	-345
112405856	36	31	31	31	-64	-170	48	82	144	-344
112410085	36	31	31	31	-190	-114	488	81	143	-342
112414381	36	31	31	31	-334	-135	899	80	142	-337
112418627	36	32	32	32	-738	-165	1151	79	139	-332
112422856	36	32	32	32	-786	-200	979	78	137	-328
112427200	36	32	32	32	-851	-157	681	77	134	-325
112431433	36	33	33	33	-911	-43	398	77	130	-323
112435756	36	32	32	32	-638	-31	-166	77	128	-323
112440008	36	32	32	32	-445	-28	-673	77	127	-326
112444252	36	32	32	32	-43	-79	-645	76	127	-328
112448509	36	32	32	32	268	-77	-368	76	128	-330
112452738	36	32	32	32	696	107	-330	76	131	-331
112457088	36	32	32	32	897	224	-138	77	134	-331
112461452	36	32	32	32	638	199	229	78	137	-331
112465868	36	33	33	33	763	-70	-71	77	140	-331
112470227	36	32	32	32	871	-166	-649	76	144	-333
112474598	36	32	32	32	655	-50	-737	76	146	-335
112479057	36	32	32	32	484	-212	-704	75	148	-338
112483414	36	29	29	29	257	-275	-663	73	149	-339
112487868	36	29	29	29	63	-176	-407	72	150	-340
112492233	36	31	31	31	-189	-99	125	72	149	-339
112496652	36	31	31	31	-570	42	698	72	147	-335
112501030	36	31	31	31	-740	57	808	72	144	-332
112505375	36	32	32	32	-933	7	876	72	141	-328
112509737	36	34	34	34	-952	-3	748	72	137	-324
112514109	36	33	33	33	-863	-100	155	71	134	-323
112518481	36	34	34	34	-806	-154	-164	71	131	-324
112522839	36	33	33	33	-458	-172	-294	70	130	-325
112527240	36	32	32	32	-293	-168	-252	69	129	-326
112531585	36	32	32	32	-37	15	-18	69	129	-326
112535950	36	32	32	32	340	270	55	70	131	-326
112540407	36	33	33	33	504	244	69	71	133	-326
112544767	36	33	33	33	721	-31	-242	71	136	-326
112549228	36	33	33	33	718	-118	-461	70	139	-328
112553600	36	32	32	32	606	-53	-512	69	141	-330
112558005	36	30	30	30	505	-122	-848	69	143	-333
112562383	36	30	30	30	484	-185	-858	68	145	-335
112566754	36	31	31	31	275	-182	-445	67	147	-337
112571126	36	30	30	30	-39	-145	-2	66	147	-336
112575468	36	31	31	31	-181	-52	425	65	146	-333
112579844	36	32	32	32	-433	29	728	65	144	-330
112584194	36	32	32	32	-746	9	953	65	142	-325
112588647	36	33	33	33	-897	-150	794	64	138	-322
112593015	36	33	33	33	-779	-211	364	63	136	-320
112597392	36	34	34	34	-801	-142	262	62	133	-319
112601834	36	32	32	32	-685	-60	-71	62	130	-319
112606217	36	31	31	31	-367	-14	-555	62	129	-321
112610659	36	32	32	32	-69	-59	-471	62	129	-323
112666733	36	35	35	35	207	-98	-299	62	130	-324
112671218	36	37	37	37	304	-24	-585	62	132	-326
112675433	36	34	34	34	658	-27	-1043	62	134	-331
112679678	36	34	34	34	975	-52	-611	62	138	-333
112684016	36	36	36	36	1249	162	272	62	143	-333
112688246	36	35	35	35	1486	305	370	63	149	-332
112692500	36	35	35	35	1462	140	283	64	155	-331
112696731	36	36	36	36	1310	42	456	64	160	-329
112700979	36	34	34	34	1205	68	130	64	165	-328
112705199	36	32	32	32	1155	-17	-464	63	170	-330
112709411	36	32	32	32	880	-56	-601	63	173	-332
