45565416	36	35	35	35	1	-11	-6	55	170	664
45569228	36	35	35	35	9	-15	-15	55	170	664
45573069	36	35	35	35	6	-15	-21	55	171	663
45577001	36	35	35	35	2	-10	-21	55	171	663
45580815	36	36	36	36	7	1	-18	55	171	663
45584831	36	36	36	36	8	6	-7	55	171	662
45588818	36	36	36	36	4	0	4	55	171	662
45592774	36	36	36	36	4	-4	7	55	171	662
45596841	36	36	36	36	10	-3	10	55	171	662
45600779	36	36	36	36	8	-3	22	55	171	661
45604727	36	35	35	35	5	-7	28	55	171	661
45608773	36	35	35	35	2	-11	27	55	171	661
45612714	36	36	36	36	-3	-11	27	55	171	661
45616657	36	36	36	36	-4	-10	22	55	171	661
45620617	36	36	36	36	-8	-11	13	55	171	660
45624572	36	35	35	35	-11	-13	13	55	171	660
45628618	36	35	35	35	-7	-8	8	55	171	660
45632556	36	35	35	35	-1	2	-1	55	171	659
45636578	36	36	36	36	1	10	-2	55	171	659
45640540	36	36	36	36	-2	19	-6	55	171	659
45644503	36	36	36	36	-2	21	-8	55	171	659
45648544	36	36	36	36	3	21	-5	55	171	658
45652500	36	36	36	36	6	21	-2	55	171	658
45656468	36	35	35	35	2	16	4	55	171	658
45660515	36	35	35	35	1	7	3	55	171	657
45664478	36	35	35	35	0	-1	0	55	171	657
45668423	36	36	36	36	-8	-1	2	55	171	657
45672361	36	35	35	35	-8	-3	4	55	171	657
45676298	36	35	35	35	-11	-1	9	55	171	656
45680251	36	35	35	35	-15	2	9	55	171	656
45684196	36	35	35	35	-11	1	11	55	171	656
45688220	36	35	35	35	-10	-4	21	55	171	656
45692170	36	35	35	35	-9	-8	26	55	171	655
45696122	36	35	35	35	-10	-4	17	55	171	655
45700151	36	35	35	35	-14	3	10	55	171	655
45704106	36	35	35	35	-21	2	9	55	171	655
45708118	36	35	35	35	-19	-5	6	55	171	654
45712108	36	36	36	36	-8	-8	13	55	171	654
45716053	36	35	35	35	-3	-8	12	55	171	654
45720082	36	35	35	35	-4	-3	4	55	171	654
45724026	36	35	35	35	-2	-3	-1	55	171	654
45727993	36	35	35	35	0	-5	-6	55	171	653
45731945	36	35	35	35	7	-1	-2	55	171	653
45735888	36	35	35	35	17	3	-7	55	171	653
45739836	36	35	35	35	18	2	-19	55	171	652
45743785	36	35	35	35	13	-2	-17	55	171	652
45747743	36	35	35	35	3	-6	-11	55	171	652
45751773	36	35	35	35	-12	-6	-14	55	171	651
45755727	36	35	35	35	-13	-3	-20	55	171	651
45759747	36	35	35	35	-7	0	-15	55	171	651
45815272	36	38	38	38	-7	1	-11	55	171	650
45819350	36	41	41	41	-5	1	-12	55	171	650
45823253	36	40	40	40	-4	1	-7	55	171	650
45827089	36	40	40	40	-5	3	4	55	172	650
45830908	36	39	39	39	-6	3	13	55	172	649
45834804	36	39	39	39	-5	0	9	55	172	649
45838620	36	38	38	38	-6	-1	-1	55	172	649
45842522	36	38	38	38	-3	-2	-4	55	172	649
45846346	36	37	37	37	0	-4	-2	55	172	648
45850157	36	37	37	37	-3	-11	3	55	172	648
45853980	36	37	37	37	-1	-15	11	55	172	648
45857826	36	36	36	36	-1	-9	18	55	172	648
45861638	36	36	36	36	-8	-5	17	55	172	647
45865484	36	36	36	36	-6	-3	11	55	172	647
45869293	36	36	36	36	0	-7	3	55	172	647
45873221	36	35	35	35	-3	-8	-5	55	172	647
45877059	36	35	35	35	-6	-8	-8	55	172	646
45880873	36	35	35	35	2	-9	-7	55	172	646
45884802	36	36	36	36	6	-5	0	55	172	646
45888626	36	35	35	35	3	-8	7	55	172	646
45892467	36	35	35	35	0	-8	9	55	172	645
45896363	36	35	35	35	-1	-7	10	55	172	645
45900174	36	35	35	35	3	-7	14	55	172	645
45904087	36	35	35	35	1	-8	16	55	172	645
45907934	36	35	35	35	0	-5	14	55	172	644
45911741	36	35	35	35	-1	5	9	55	172	644
45915588	36	35	35	35	-2	4	-10	55	172	644
45919416	36	35	35	35	5	3	-23	55	172	643
45923227	36	35	35	35	17	0	-22	55	172	643
45927064	36	35	35	35	21	-5	-22	55	172	643
45930881	36	35	35	35	16	-5	-26	55	172	642
45934804	36	35	35	35	13	-2	-34	55	173	642
45938625	36	35	35	35	12	0	-43	55	173	642
45942462	36	35	35	35	12	-5	-40	55	173	641
45946383	36	35	35	35	7	-4	-35	55	173	641
45950208	36	35	35	35	-1	-1	-29	55	173	640
45954062	36	35	35	35	-4	-2	-18	54	173	640
45957949	36	34	34	34	-3	0	-9	54	173	640
45961750	36	34	34	34	-2	2	0	54	173	639
45965687	36	34	34	34	-6	6	3	54	173	639
45969518	36	34	34	34	-10	8	7	55	173	639
45973344	36	35	35	35	-8	10	13	55	173	639
45977169	36	35	35	35	-4	11	15	55	173	638
45980990	36	35	35	35	-6	7	15	55	173	638
45984825	36	35	35	35	-6	0	16	55	173	638
45988647	36	35	35	35	-4	-2	15	55	173	638
45992584	36	36	36	36	-2	-4	6	55	173	638
45996629	36	36	36	36	-2	-8	-4	54	173	637
46000591	36	36	36	36	-1	-7	-3	54	173	637
46004551	36	35	35	35	-2	0	5	54	173	637
46008589	36	36	36	36	1	4	14	54	173	637
46012524	36	36	36	36	7	4	21	54	173	636
46016528	36	36	36	36	2	2	24	54	173	636
46020490	36	36	36	36	1	0	23	54	173	636
46024448	36	35	35	35	-1	-3	22	54	173	636
46028488	36	35	35	35	-1	-8	19	54	173	636
46032442	36	35	35	35	2	-6	11	54	173	635
46036397	36	35	35	35	4	-8	4	54	173	635
46040345	36	35	35	35	5	-7	8	54	173	635
46044280	36	35	35	35	2	-2	20	54	173	635
46048248	36	35	35	35	5	-2	24	54	173	635
46052197	36	35	35	35	3	-7	25	54	173	635
46056129	36	35	35	35	-9	-11	24	54	173	634
46060181	36	35	35	35	-14	-11	21	54	173	634
46064124	36	35	35	35	-15	-12	23	54	173	634
46068176	36	35	35	35	-14	-9	33	54	173	634
46072126	36	35	35	35	-9	-11	43	54	173	634
46076061	36	35	35	35	-5	-14	46	54	173	634
46080111	36	35	35	35	-3	-14	38	54	173	634
46084054	36	35	35	35	-2	-17	32	54	173	633
46088073	36	35	35	35	3	-15	27	54	173	633
46092022	36	35	35	35	6	-10	25	54	173	633
46095964	36	35	35	35	7	-2	27	54	173	633
46099912	36	36	36	36	6	3	15	54	173	633
46103847	36	36	36	36	1	3	7	54	173	633
46107792	36	36	36	36	1	0	13	54	173	632
46111737	36	36	36	36	1	-7	16	54	173	632
46115692	36	35	35	35	-1	-10	11	54	173	632
46119721	36	35	35	35	-2	-15	16	54	173	632
46123663	36	35	35	35	-2	-18	25	54	173	632
46127621	36	35	35	35	-1	-11	22	54	173	631
46131659	36	35	35	35	3	-7	13	54	173	631
46135627	36	35	35	35	8	-5	17	54	173	631
46139649	36	35	35	35	8	-3	25	54	173	631
46143585	36	35	35	35	9	-3	29	54	173	631
46147528	36	35	35	35	14	3	38	54	173	630
46151571	36	35	35	35	14	5	39	54	173	630
46155537	36	35	35	35	8	2	40	54	174	630
46159494	36	35	35	35	4	2	41	54	174	630
46163444	36	35	35	35	0	-1	43	54	174	630
46167396	36	35	35	35	-4	-3	46	54	174	630
46223030	36	39	39	39	-4	-5	43	54	174	630
46227098	36	41	41	41	-4	-1	37	54	174	630
46230906	36	41	41	41	1	4	34	54	174	630
46234740	36	40	40	40	2	7	35	54	174	629
46238553	36	39	39	39	3	6	27	54	174	629
46242433	36	39	39	39	9	4	21	54	174	629
46246261	36	38	38	38	16	2	23	54	174	629
46250069	36	38	38	38	25	4	19	54	174	629
46253979	36	38	38	38	29	6	19	54	175	629
46257823	36	37	37	37	28	7	25	54	175	628
46261635	36	37	37	37	23	7	23	54	175	628
46265576	36	37	37	37	14	8	19	54	175	628
46269410	36	37	37	37	5	5	18	54	175	628
46273332	36	37	37	37	1	4	14	54	175	628
46277153	36	37	37	37	3	5	11	54	175	627
46280963	36	36	36	36	6	4	16	54	175	627
46284791	36	36	36	36	1	3	18	54	175	627
46288620	36	36	36	36	1	0	23	54	175	627
46292439	36	36	36	36	5	-1	28	54	175	627
46296264	36	36	36	36	11	0	18	54	175	626
46300071	36	36	36	36	16	3	6	54	175	626
46303951	36	36	36	36	15	8	9	54	176	626
46307787	36	36	36	36	10	5	13	54	176	626
46311609	36	36	36	36	7	-1	15	54	176	626
46315544	36	35	35	35	6	-2	15	54	176	625
46319370	36	35	35	35	1	-3	2	54	176	625
46323189	36	35	35	35	-5	-6	-3	54	176	625
46327122	36	35	35	35	-6	-6	1	54	176	625
46330939	36	35	35	35	-3	0	4	54	176	624
46334878	36	35	35	35	-2	3	7	54	176	624
46338698	36	35	35	35	-1	2	7	54	176	624
46342512	36	35	35	35	5	0	5	54	176	624
46346340	36	35	35	35	17	-2	-2	54	176	623
46350153	36	35	35	35	23	-4	0	54	176	623
46353978	36	35	35	35	13	1	8	54	176	623
46357798	36	35	35	35	4	7	6	54	176	622
46361615	36	35	35	35	3	3	1	54	176	622
46365523	36	35	35	35	-1	-2	-3	54	176	622
46369355	36	35	35	35	-4	-6	-7	54	176	622
46373177	36	35	35	35	-8	-7	-16	54	176	621
46377104	36	35	35	35	-5	-5	-17	54	176	621
46380927	36	35	35	35	2	-5	-5	54	176	621
46384744	36	35	35	35	5	-5	-1	54	176	620
46388658	36	35	35	35	9	-8	-5	54	176	620
46392487	36	35	35	35	13	-5	-13	54	176	620
46396412	36	35	35	35	16	4	-16	54	176	619
46400226	36	35	35	35	14	9	-14	54	176	619
46404166	36	35	35	35	11	7	-14	54	176	619
46408130	36	34	34	34	11	5	-17	54	176	618
46412075	36	34	34	34	9	9	-12	54	176	618
46416009	36	35	35	35	3	11	-3	54	176	618
46419965	36	35	35	35	8	11	-10	54	176	617
46423922	36	34	34	34	14	7	-20	54	176	617
46427988	36	34	34	34	17	3	-16	54	176	617
46431945	36	35	35	35	17	-2	-18	54	177	616
46435882	36	34	34	34	14	-10	-21	54	177	616
46439912	36	34	34	34	14	-10	-25	54	177	616
46443842	36	35	35	35	16	-14	-18	54	177	615
46447910	36	35	35	35	20	-16	-6	54	177	615
46451859	36	35	35	35	18	-16	-1	54	177	615
46455796	36	35	35	35	15	-14	5	54	177	615
46459825	36	35	35	35	13	-5	9	54	177	614
46463766	36	35	35	35	13	4	5	54	177	614
46467732	36	35	35	35	17	13	-2	54	177	614
46471677	36	35	35	35	20	19	-6	54	177	614
46475650	36	35	35	35	20	20	-8	54	177	613
46479605	36	35	35	35	14	20	-2	54	177	613
46483551	36	36	36	36	13	20	-10	54	177	613
46487524	36	36	36	36	17	19	-28	54	178	612
46491540	36	35	35	35	18	15	-32	54	178	612
46495513	36	36	36	36	20	13	-35	54	178	612
46499565	36	36	36	36	21	13	-29	55	178	611
46503513	36	35	35	35	23	14	-14	55	178	611
46507467	36	36	36	36	23	17	-3	55	178	611
46511506	36	36	36	36	26	23	1	55	178	610
46515476	36	35	35	35	30	22	11	55	178	610
46519517	36	35	35	35	35	17	29	55	178	610
46523466	36	36	36	36	38	17	37	55	179	610
46527412	36	36	36	36	40	18	39	55	179	610
46531350	36	36	36	36	42	14	46	55	179	610
46535287	36	36	36	36	40	15	60	55	179	610
46539240	36	35	35	35	34	20	59	55	179	610
46543189	36	36	36	36	32	22	41	55	179	610
46547152	36	36	36	36	33	22	21	55	179	609
46551185	36	36	36	36	27	18	14	55	180	609
46555130	36	36	36	36	19	17	19	55	180	609
46559085	36	35	35	35	22	17	23	55	180	609
46563146	36	35	35	35	26	19	23	56	180	609
46567110	36	35	35	35	22	21	20	56	180	609
46571145	36	35	35	35	24	18	16	56	180	608
46575103	36	35	35	35	29	17	14	56	180	608
46630657	36	39	39	39	29	16	12	56	180	608
46634816	36	41	41	41	28	15	8	56	180	608
46638636	36	41	41	41	25	11	7	56	181	608
46642515	36	40	40	40	21	9	10	56	181	607
46646336	36	40	40	40	19	16	7	56	181	607
46650146	36	40	40	40	20	26	6	56	181	607
46653973	36	39	39	39	23	23	10	56	181	607
46657814	36	39	39	39	19	14	16	56	181	606
46661625	36	38	38	38	10	12	16	56	181	606
46665471	36	38	38	38	6	10	15	56	181	606
46669282	36	38	38	38	6	12	19	56	181	606
46673165	36	38	38	38	8	19	26	56	182	606
46676994	36	38	38	38	6	27	33	57	182	606
46680799	36	38	38	38	1	29	33	57	182	606
46684710	36	38	38	38	-2	19	33	57	182	605
46688538	36	37	37	37	-3	12	34	57	182	605
46692350	36	37	37	37	-3	17	37	57	182	605
46696273	36	37	37	37	2	24	31	57	182	605
46700100	36	37	37	37	4	24	16	57	182	605
46704000	36	37	37	37	2	21	6	57	182	605
46707846	36	37	37	37	-7	21	0	57	182	604
46711660	36	37	37	37	-17	24	-2	57	182	604
46715507	36	37	37	37	-19	25	1	57	182	604
46719332	36	37	37	37	-17	21	5	57	181	603
46723149	36	37	37	37	-18	23	-1	58	181	603
46726986	36	37	37	37	-14	27	-9	58	181	603
46730799	36	37	37	37	-9	24	-9	58	181	603
46734709	36	37	37	37	-9	21	-11	58	181	602
46738532	36	37	37	37	-3	21	-9	58	181	602
46742346	36	37	37	37	8	21	1	58	181	602
46746267	36	37	37	37	15	18	5	58	181	601
46750099	36	37	37	37	11	8	10	58	181	601
46753920	36	36	36	36	6	2	24	58	182	601
46757848	36	36	36	36	-3	0	34	58	181	601
46761653	36	37	37	37	-9	-8	35	58	181	601
46765543	36	37	37	37	-10	-14	40	58	181	601
46769370	36	37	37	37	-17	-11	42	58	181	601
46773187	36	36	36	36	-19	-1	40	58	181	601
46777020	36	36	36	36	-15	3	42	58	181	600
46780842	36	37	37	37	-11	1	44	58	181	600
46784679	36	37	37	37	-6	-5	35	58	181	600
46788499	36	37	37	37	-4	-5	30	58	181	600
46792325	36	37	37	37	3	1	38	58	181	600
46796189	36	37	37	37	14	4	40	58	181	600
46799991	36	37	37	37	15	2	31	58	181	600
46803812	36	37	37	37	11	4	27	58	181	600
46807720	36	36	36	36	10	4	31	58	181	599
46811669	36	36	36	36	11	-3	27	58	181	599
46815641	36	36	36	36	11	-5	21	58	182	599
46819688	36	37	37	37	7	0	24	58	182	599
46823634	36	37	37	37	5	6	27	58	182	599
46827676	36	37	37	37	3	5	31	58	182	599
46831625	36	37	37	37	1	0	22	58	182	598
46835591	36	37	37	37	-2	-1	10	58	182	598
46839548	36	37	37	37	-8	-1	5	58	182	598
46843494	36	37	37	37	-11	0	4	58	182	598
46847455	36	37	37	37	-9	0	10	58	182	597
46851403	36	37	37	37	-3	0	18	58	182	597
46855356	36	37	37	37	-1	0	22	58	182	597
46859409	36	37	37	37	-3	-1	14	58	182	597
46863355	36	37	37	37	-3	0	9	58	182	597
46867311	36	37	37	37	-3	3	16	58	182	596
46871329	36	37	37	37	0	6	18	58	182	596
46875267	36	37	37	37	8	5	26	58	182	596
46879334	36	37	37	37	11	1	21	58	182	596
46883282	36	37	37	37	13	6	10	58	182	596
46887235	36	37	37	37	15	10	13	58	182	595
46891267	36	37	37	37	15	9	12	58	182	595
46895220	36	37	37	37	20	9	14	58	182	595
46899170	36	37	37	37	17	10	18	58	182	595
46903133	36	37	37	37	9	10	18	58	182	595
46907091	36	37	37	37	4	11	11	58	182	594
46911031	36	37	37	37	1	14	12	58	182	594
46914979	36	37	37	37	3	10	9	58	182	594
46919015	36	37	37	37	4	9	3	58	182	594
46922980	36	37	37	37	0	12	3	58	182	593
46926947	36	36	36	36	4	9	4	58	182	593
46930978	36	36	36	36	12	5	8	58	182	593
46934924	36	36	36	36	16	1	9	58	182	593
46938880	36	36	36	36	12	-5	0	58	182	592
46942938	36	36	36	36	7	-8	-1	58	182	592
46946901	36	36	36	36	9	-8	7	58	182	592
46950935	36	36	36	36	6	-7	8	58	182	592
46954876	36	36	36	36	1	-11	4	58	182	591
46958819	36	36	36	36	5	-21	-1	58	182	591
46962758	36	37	37	37	7	-26	0	57	182	591
46966711	36	37	37	37	0	-26	-1	57	182	591
46970676	36	37	37	37	3	-27	2	57	182	590
46974639	36	37	37	37	10	-29	2	57	182	590
46978592	36	36	36	36	16	-29	-10	57	183	590
46982626	36	36	36	36	20	-28	-21	57	183	589
47038191	36	39	39	39	20	-27	-28	57	183	589
47042320	36	41	41	41	-1	10	-152	57	183	588
47046129	36	41	41	41	-60	55	-290	57	183	587
47049955	36	41	41	41	-161	37	-205	57	182	586
47053871	36	40	40	40	-247	2	47	57	181	586
47057694	36	39	39	39	-190	-42	335	57	181	587
47061516	36	39	39	39	-126	-118	554	56	180	589
47065456	36	38	38	38	-113	-144	581	55	180	591
47069267	36	38	38	38	-71	-94	392	54	179	592
47073180	36	37	37	37	-2	-35	115	54	179	592
47077016	36	37	37	37	57	20	-115	53	180	591
47080833	36	38	38	38	54	94	-176	53	180	591
47084668	36	38	38	38	65	112	-22	53	180	590
47088482	36	39	39	39	75	41	260	53	181	591
47092311	36	38	38	38	110	-67	501	52	181	593
47096133	36	38	38	38	158	-142	581	51	182	595
47099949	36	37	37	37	164	-146	432	50	182	597
47103844	36	36	36	36	179	-130	101	50	183	597
47107663	36	36	36	36	190	-44	-254	49	184	596
47111486	36	36	36	36	205	90	-507	49	184	594
47115427	36	36	36	36	199	148	-536	50	185	592
47119232	36	36	36	36	220	134	-341	50	186	590
47123075	36	37	37	37	287	92	-23	51	187	590
47126998	36	36	36	36	337	52	285	51	188	591
47130812	36	36	36	36	394	12	436	51	190	592
47134724	36	36	36	36	438	-23	383	52	192	594
47138541	36	35	35	35	399	-28	177	52	193	594
47142367	36	35	35	35	158	-9	-53	52	194	594
47146186	36	35	35	35	-66	-25	-170	53	193	593
47149993	36	36	36	36	-167	-61	-29	53	193	592
47153824	36	36	36	36	-224	-44	269	54	192	593
47157644	36	37	37	37	-425	-12	636	54	190	595
47161460	36	38	38	38	-388	-32	846	55	189	598
47165398	36	39	39	39	-78	-58	730	55	188	601
47169206	36	38	38	38	-32	-13	352	55	188	602
47173048	36	38	38	38	-252	34	-152	56	187	601
47176978	36	38	38	38	-169	53	-553	56	187	599
47180787	36	38	38	38	80	106	-779	57	187	596
47184624	36	37	37	37	-6	157	-753	58	187	593
47188543	36	36	36	36	-94	141	-513	58	186	591
47192366	36	36	36	36	47	91	-151	59	187	590
47196273	36	36	36	36	252	60	165	59	188	590
47200103	36	35	35	35	280	26	355	59	189	591
47203919	36	36	36	36	296	-29	415	58	190	593
47207747	36	36	36	36	389	-44	338	58	191	594
47211568	36	36	36	36	452	-32	230	58	193	594
47215415	36	36	36	36	429	-64	173	58	195	595
47219373	36	36	36	36	455	-63	166	58	196	595
47223324	36	37	37	37	491	26	221	58	198	595
47227318	36	38	38	38	467	115	340	59	200	596
47231253	36	40	40	40	326	181	429	60	201	597
47235217	36	41	41	41	150	285	438	61	202	599
47239265	36	42	42	42	161	312	254	63	202	599
47243230	36	43	43	43	108	213	-89	64	203	598
47247230	36	43	43	43	-75	115	-413	64	203	596
47251221	36	42	42	42	-106	38	-645	65	202	593
47255168	36	41	41	41	-42	-44	-660	65	202	590
47259220	36	41	41	41	4	-51	-503	64	202	587
47263175	36	40	40	40	-30	-15	-221	64	202	586
47267134	36	40	40	40	-14	9	99	64	202	585
47271071	36	40	40	40	-10	53	325	65	202	586
47275031	36	40	40	40	-64	25	417	65	201	587
47278983	36	40	40	40	-86	-47	360	65	201	588
47282950	36	40	40	40	-131	-82	241	64	201	588
47286909	36	38	38	38	-161	-120	151	64	200	588
47290946	36	37	37	37	-171	-140	151	64	199	588
47294892	36	37	37	37	-188	-105	222	64	198	589
47298904	36	36	36	36	-141	-49	335	64	198	590
47302845	36	36	36	36	-51	5	461	64	198	591
47306802	36	35	35	35	15	94	542	65	198	593
47310836	36	35	35	35	43	174	517	66	198	594
47314783	36	34	34	34	29	199	389	67	198	596
47318733	36	33	33	33	23	198	213	69	198	596
47322764	36	33	33	33	11	166	35	70	198	596
47326714	36	32	32	32	-32	111	-94	70	197	595
47330678	36	32	32	32	-83	35	-163	71	197	594
47334640	36	32	32	32	-117	-47	-172	71	196	593
47338596	36	32	32	32	-154	-126	-153	71	196	592
47342535	36	32	32	32	-179	-201	-158	71	195	592
47346490	36	33	33	33	-197	-217	-192	70	194	591
47350500	36	33	33	33	-241	-181	-244	70	193	589
47354461	36	33	33	33	-301	-122	-284	70	192	588
47358415	36	34	34	34	-372	-44	-282	70	190	587
47362447	36	34	34	34	-434	5	-229	70	189	586
47366397	36	35	35	35	-475	6	-158	70	187	585
47370396	36	35	35	35	-479	-8	-104	70	185	584
47374402	36	35	35	35	-452	-3	-47	70	183	584
47378337	36	35	35	35	-424	15	1	70	181	583
47382388	36	35	35	35	-390	35	14	70	180	583
47386324	36	36	36	36	-374	65	22	71	178	583
47390262	36	37	37	37	-385	96	31	71	177	583
47445915	36	40	40	40	-392	107	30	71	176	582
47449971	36	39	39	39	-850	137	75	72	172	582
47453799	36	35	35	35	-1196	-436	180	70	168	582
47457634	36	36	36	36	-901	-1049	406	67	164	581
47461449	36	35	35	35	-915	-1146	632	62	161	581
47465275	36	38	38	38	-1156	-1301	898	57	157	582
47469104	36	44	44	44	-775	-1108	1052	53	154	583
47473038	36	42	42	42	-96	-602	586	51	154	582
47476872	36	37	37	37	-113	-336	-84	49	153	578
47480679	36	34	34	34	22	-538	-738	47	154	571
47484611	36	38	38	38	47	-1094	-947	43	154	564
47488428	36	48	48	48	-813	-1427	-660	38	151	557
47492255	36	63	63	63	-1556	-1681	-193	31	146	552
47496160	36	75	75	75	-1412	-1609	467	25	141	549
47499976	36	71	71	71	-441	-1023	1136	21	140	549
47503890	36	55	55	55	155	-434	1738	19	141	551
47507700	36	41	41	41	-43	-152	1974	18	141	554
47511523	36	34	34	34	-98	-858	1720	15	141	556
47515375	36	37	37	37	87	-1825	1430	8	141	557
47519187	36	39	39	39	-144	-1664	1102	1	141	556
47523024	36	41	41	41	-384	-1260	720	-4	140	554
47526857	36	44	44	44	256	-674	543	-7	141	552
47530670	36	40	40	40	948	100	455	-6	145	548
47534600	36	33	33	33	490	102	552	-6	147	546
47538420	36	28	28	28	50	-16	696	-6	147	544
47542245	36	25	25	25	231	28	581	-5	148	541
47546153	36	23	23	23	271	-38	268	-5	149	538
47549971	36	27	27	27	86	-165	240	-6	149	534
47553797	36	33	33	33	163	-130	666	-6	150	532
47557712	36	35	35	35	-40	138	787	-5	150	530
47561532	36	40	40	40	-615	143	545	-4	148	527
47565455	36	49	49	49	-610	-153	116	-4	146	523
47569264	36	56	56	56	-138	-146	-339	-5	146	517
47573100	36	55	55	55	106	98	-581	-5	147	510
47576938	36	50	50	50	554	198	-865	-4	149	503
47580758	36	39	39	39	1026	479	-1065	-2	153	494
47584590	36	28	28	28	1071	428	-872	0	157	486
47588414	36	28	28	28	846	-555	122	-2	160	482
47592244	36	28	28	28	-98	-1101	1085	-5	160	482
47596106	36	29	29	29	-1108	-715	1552	-8	156	484
47599971	36	45	45	45	-929	-666	1276	-10	152	484
47603794	36	64	64	64	193	-587	496	-12	154	481
47607695	36	62	62	62	299	188	184	-11	155	477
47611513	36	49	49	49	-683	437	-196	-9	153	472
47615359	36	41	41	41	-928	648	-809	-6	150	464
47619263	36	35	35	35	-141	627	-974	-4	149	455
47623229	36	33	33	33	2	-56	-815	-4	149	448
47627252	36	36	36	36	-707	-405	-699	-5	147	440
47631187	36	38	38	38	-1087	-295	-206	-5	143	435
47635147	36	35	35	35	-608	580	487	-3	141	431
47639099	36	34	34	34	-148	1165	944	1	140	430
47643065	36	35	35	35	-261	1192	886	6	139	429
47647034	36	33	33	33	-635	1352	517	11	137	426
47650971	36	34	34	34	-601	930	412	15	135	423
47654934	36	32	32	32	-57	282	195	16	135	419
47658983	36	27	27	27	-46	1	-127	16	135	413
47662948	36	29	29	29	-377	-319	55	15	133	409
47666911	36	36	36	36	-517	-170	206	15	131	405
47670940	36	49	49	49	-407	243	353	16	130	402
47674886	36	59	59	59	308	592	526	19	132	399
47678893	36	59	59	59	1348	799	560	22	138	397
47682839	36	49	49	49	1225	877	507	25	143	394
47686798	36	32	32	32	467	1170	201	30	145	391
47690831	36	24	24	24	928	438	49	32	148	386
47694777	36	21	21	21	1420	-448	-185	31	154	381
47698719	36	19	19	19	526	-522	-258	29	155	376
47702654	36	23	23	23	-582	-567	-34	27	153	371
47706604	36	33	33	33	-453	-237	91	27	151	366
47710666	36	43	43	43	-86	67	173	27	151	362
47714621	36	51	51	51	-632	51	120	28	149	357
47718559	36	59	59	59	-1210	48	18	28	145	352
47722595	36	57	57	57	-1112	240	-331	29	141	346
47726547	36	50	50	50	-417	596	-906	32	140	337
47730604	36	45	45	45	-417	695	-768	35	139	328
47734565	36	38	38	38	-418	947	-102	39	137	323
47738510	36	35	35	35	-253	1169	407	43	137	319
47742543	36	34	34	34	-11	1383	583	49	137	316
47746497	36	33	33	33	278	1469	774	55	138	314
47750462	36	36	36	36	369	870	712	58	139	311
47754426	36	38	38	38	131	586	382	60	140	307
47758367	36	41	41	41	-648	322	94	62	138	303
47762304	36	44	44	44	-616	152	-208	62	136	297
47766245	36	47	47	47	260	575	-425	65	137	290
47770236	36	43	43	43	681	825	-604	68	140	283
47774230	36	39	39	39	288	884	-783	72	141	274
47778198	36	36	36	36	113	672	-987	74	142	265
47782248	36	34	34	34	338	207	-1030	75	143	256
47786203	36	37	37	37	-188	-549	-676	74	143	248
47790150	36	36	36	36	-1013	-714	-301	71	139	242
47794199	36	41	41	41	-1521	-514	-211	69	133	236
47849663	36	51	51	51	-1855	-641	-154	67	127	230
47853794	36	49	49	49	-1633	-571	-43	65	121	225
47857629	36	41	41	41	-1153	-345	140	64	117	220
47861449	36	32	32	32	-910	-199	243	64	114	216
47865385	36	23	23	23	-1099	-94	354	64	109	211
47869196	36	14	14	14	-1094	49	444	64	105	207
47873093	36	5	5	5	-627	107	395	65	102	202
47876928	36	-2	-2	-2	-471	35	339	65	100	197
47880745	36	-6	-6	-6	-633	-74	325	66	98	191
47884573	36	-9	-9	-9	-418	-44	129	66	96	185
47888402	36	-10	-10	-10	-280	12	32	66	94	178
47892215	36	-11	-11	-11	-507	8	54	67	92	171
47896119	36	-12	-12	-12	-565	136	-37	68	89	164
47899942	36	-15	-15	-15	-154	289	-45	70	88	157
47903840	36	-21	-21	-21	-257	208	5	71	86	150
47907676	36	-24	-24	-24	-696	0	3	72	83	143
47911499	36	-25	-25	-25	-325	-135	-23	72	81	135
47915442	36	-28	-28	-28	184	-85	-152	72	81	127
47919254	36	-28	-28	-28	-10	-372	-108	71	81	120
47923096	36	-25	-25	-25	-403	-580	161	69	79	113
47927027	36	-23	-23	-23	-185	-452	335	68	77	107
47930834	36	-25	-25	-25	-83	-301	454	68	76	101
47934664	36	-27	-27	-27	-458	-132	517	68	74	95
47938483	36	-22	-22	-22	-394	-425	668	67	72	90
47942306	36	-20	-20	-20	-203	-581	909	65	71	86
47946117	36	-18	-18	-18	-524	-352	994	64	68	83
47949938	36	-9	-9	-9	-527	-623	790	63	66	78
47953764	36	-4	-4	-4	267	-436	275	62	67	71
47957682	36	-5	-5	-5	458	-95	38	62	68	64
47961505	36	-3	-3	-3	-395	-364	-87	61	67	56
47965411	36	-1	-1	-1	-373	-477	-612	60	65	46
47969216	36	1	1	1	189	-254	-827	60	66	36
47973060	36	3	3	3	-143	-209	-687	60	65	26
47976990	36	6	6	6	-569	-223	-661	60	63	16
47980804	36	9	9	9	-213	-28	-486	60	62	6
47984643	36	7	7	7	-20	29	-315	61	62	-2
47988551	36	2	2	2	-581	63	-555	62	60	-11
47992381	36	3	3	3	-422	-178	-648	62	58	-21
47996193	36	2	2	2	-13	-123	-688	62	58	-31
48000022	36	-1	-1	-1	-317	6	-816	62	56	-42
48003846	36	1	1	1	-658	-144	-592	62	54	-51
48007678	36	2	2	2	-369	14	-411	63	52	-60
48011497	36	2	2	2	3	67	-395	64	52	-69
48015336	36	3	3	3	-412	-198	-259	63	51	-77
48019242	36	5	5	5	-573	-172	-151	63	49	-85
48023084	36	11	11	11	-142	-386	-24	62	48	-92
48027106	36	12	12	12	299	-323	111	61	49	-99
48031040	36	12	12	12	13	-210	252	61	50	-105
48034979	36	14	14	14	-276	-399	67	60	49	-112
48039032	36	15	15	15	266	-262	-343	59	50	-120
48042998	36	15	15	15	501	-229	-526	59	52	-129
48047057	36	13	13	13	-129	-246	-714	59	52	-139
48050997	36	12	12	12	-491	-196	-864	58	50	-149
48054957	36	11	11	11	-14	-186	-725	58	50	-159
48058913	36	12	12	12	-77	-411	-180	57	50	-166
48062878	36	12	12	12	-639	-511	353	56	47	-171
48066841	36	15	15	15	-266	-557	535	54	46	-176
48070780	36	20	20	20	419	-557	449	52	48	-181
48074743	36	20	20	20	-36	-307	-27	52	48	-188
48078757	36	23	23	23	-604	-454	-447	50	46	-196
48082711	36	25	25	25	146	-415	-778	49	47	-206
48086665	36	21	21	21	572	-165	-1134	49	50	-217
48090717	36	20	20	20	-309	-599	-1049	48	49	-227
48094662	36	24	24	24	-514	-727	-694	45	47	-236
48098660	36	28	28	28	358	-604	-427	44	49	-245
48102594	36	30	30	30	496	-582	-122	42	51	-251
48106549	36	34	34	34	-250	-543	156	41	51	-257
48110604	36	37	37	37	-172	-597	55	39	51	-263
48114560	36	37	37	37	552	-387	-166	38	53	-270
48118503	36	36	36	36	323	-383	-356	37	55	-277
48122453	36	35	35	35	-422	-581	-601	36	54	-286
48126401	36	36	36	36	-211	-548	-623	34	54	-295
48130346	36	37	37	37	295	-495	-491	33	55	-302
48134308	36	36	36	36	-63	-571	-350	31	55	-310
48138248	36	39	39	39	-477	-698	-64	29	54	-316
48142276	36	42	42	42	-95	-638	132	27	54	-321
48146217	36	41	41	41	224	-502	126	26	56	-327
48150210	36	41	41	41	-268	-547	221	25	55	-331
48154153	36	44	44	44	-523	-594	269	23	54	-336
48158117	36	45	45	45	-115	-464	86	22	54	-341
48162160	36	46	46	46	41	-369	-12	21	55	-347
48166098	36	48	48	48	-266	-440	-22	20	55	-353
48170135	36	52	52	52	-258	-455	-134	18	55	-359
48174081	36	56	56	56	195	-360	-175	18	56	-365
48178046	36	58	58	58	193	-392	-18	17	58	-370
48181994	36	60	60	60	-139	-502	112	15	58	-375
48185932	36	63	63	63	-163	-554	231	14	58	-379
48189880	36	65	65	65	68	-469	299	12	60	-383
48193814	36	66	66	66	-58	-433	201	11	60	-387
48197759	36	69	69	69	-350	-455	17	10	60	-392
48253395	36	74	74	74	-385	-443	-74	9	60	-397
48257465	36	72	72	72	-367	-437	-29	8	59	-401
48261287	36	63	63	63	-345	-433	57	6	59	-405
48265186	36	55	55	55	-360	-492	143	5	58	-408
48269013	36	47	47	47	-347	-561	164	3	58	-411
48272916	36	39	39	39	-246	-549	64	1	57	-415
48276733	36	30	30	30	-164	-552	-111	0	57	-419
48280572	36	20	20	20	-171	-608	-248	-2	57	-424
48284504	36	12	12	12	-231	-612	-298	-4	56	-429
48288321	36	4	4	4	-286	-544	-285	-6	55	-434
48292135	36	-3	-3	-3	-323	-502	-209	-8	53	-439
48296028	36	-9	-9	-9	-352	-457	-130	-10	52	-444
48299854	36	-15	-15	-15	-340	-344	-96	-11	50	-448
48303678	36	-22	-22	-22	-278	-213	-104	-11	49	-453
48307492	36	-29	-29	-29	-249	-127	-126	-12	47	-457
48311314	36	-36	-36	-36	-324	-115	-131	-12	45	-461
48315125	36	-42	-42	-42	-395	-106	-130	-12	43	-466
48318954	36	-47	-47	-47	-404	-75	-120	-13	41	-470
48322793	36	-51	-51	-51	-438	-88	-98	-13	38	-474
48326703	36	-55	-55	-55	-459	-139	-85	-14	35	-478
48330542	36	-55	-55	-55	-402	-363	37	-15	33	-481
48334441	36	-54	-54	-54	-384	-754	285	-18	31	-483
48338271	36	-52	-52	-52	-201	-747	418	-21	29	-485
48342097	36	-42	-42	-42	161	-1148	637	-25	29	-486
48346014	36	-29	-29	-29	60	-1481	898	-31	29	-486
48349824	36	-16	-16	-16	-466	-1270	1046	-36	27	-485
48353642	36	0	0	0	-398	-1456	981	-41	25	-485
48357551	36	16	16	16	459	-1372	535	-46	27	-486
48361375	36	26	26	26	671	-1114	-7	-50	30	-490
48365191	36	34	34	34	72	-1164	-521	-54	31	-495
48369016	36	42	42	42	76	-1143	-951	-58	32	-502
48372853	36	48	48	48	619	-920	-1151	-61	35	-510
48376673	36	52	52	52	377	-864	-910	-64	37	-516
48380513	36	55	55	55	-642	-752	-518	-66	36	-522
48384347	36	59	59	59	-787	-605	-194	-68	34	-526
48388267	36	60	60	60	-290	-431	76	-70	34	-529
48392092	36	59	59	59	-677	-311	182	-71	32	-531
48395964	36	59	59	59	-1218	-353	141	-72	28	-534
48399794	36	60	60	60	-799	-276	20	-73	26	-537
48403619	36	57	57	57	-152	-159	-92	-73	27	-541
48407524	36	54	54	54	-500	-218	-140	-74	26	-544
48411346	36	54	54	54	-792	-368	-159	-75	23	-548
48415166	36	54	54	54	-192	-284	-274	-76	24	-552
48419091	36	51	51	51	135	-207	-392	-77	25	-556
48422932	36	49	49	49	-292	-355	-402	-78	25	-561
48426747	36	49	49	49	-417	-338	-463	-79	24	-565
48430718	36	48	48	48	100	-283	-430	-80	25	-570
48434680	36	44	44	44	75	-181	-215	-80	26	-573
48438634	36	42	42	42	-422	-276	-1	-81	25	-576
48442582	36	42	42	42	-372	-432	65	-83	24	-578
48446551	36	45	45	45	-25	-759	136	-86	25	-581
48450594	36	51	51	51	-223	-1247	347	-90	25	-582
48454556	36	57	57	57	-540	-1197	294	-95	24	-584
48458597	36	67	67	67	-193	-1138	138	-99	24	-586
48462536	36	76	76	76	324	-874	96	-102	27	-588
48466491	36	81	81	81	209	-734	-47	-105	29	-591
48470552	36	87	87	87	25	-814	-272	-107	31	-594
48474515	36	91	91	91	416	-656	-535	-109	34	-599
48478520	36	94	94	94	716	-572	-914	-111	38	-605
48482459	36	96	96	96	282	-593	-1087	-113	41	-611
48486404	36	100	100	100	-218	-489	-954	-114	41	-617
48490371	36	100	100	100	-199	-231	-844	-115	42	-623
48494324	36	96	96	96	-237	-43	-611	-115	43	-627
48498264	36	93	93	93	-722	-67	-193	-115	41	-630
48502212	36	91	91	91	-929	-120	-62	-115	39	-633
48506144	36	89	89	89	-597	-78	-117	-115	38	-635
48510173	36	86	86	86	-443	-95	-98	-115	38	-638
48514127	36	83	83	83	-642	-230	-219	-116	37	-641
48518091	36	82	82	82	-569	-267	-392	-117	36	-644
48522133	36	79	79	79	-153	-186	-430	-117	37	-648
48526084	36	74	74	74	-95	-186	-463	-118	38	-652
48530117	36	70	70	70	-298	-256	-514	-119	37	-656
48534071	36	67	67	67	-196	-265	-489	-119	38	-659
48538036	36	62	62	62	62	-135	-501	-120	39	-663
48542083	36	57	57	57	-59	-86	-474	-120	40	-667
48546017	36	54	54	54	-345	-100	-295	-120	39	-670
48549956	36	50	50	50	-302	-6	-129	-120	39	-672
48553911	36	45	45	45	-186	75	1	-120	39	-674
48557875	36	41	41	41	-329	16	171	-119	38	-675
48561833	36	38	38	38	-445	-81	207	-120	37	-676
48565786	36	34	34	34	-239	-91	73	-120	37	-678
48569792	36	30	30	30	-68	-104	-31	-120	37	-679
48573778	36	28	28	28	-179	-234	-66	-121	37	-681
48577732	36	26	26	26	-236	-289	-120	-122	36	-684
48581782	36	31	31	31	-64	-562	112	-124	36	-685
48585734	36	39	39	39	-83	-1179	731	-129	37	-683
48589683	36	45	45	45	-384	-1368	1164	-134	36	-680
48593727	36	57	57	57	-476	-1243	1355	-138	35	-677
48597671	36	72	72	72	40	-1066	1169	-142	36	-674
48601708	36	85	85	85	613	-854	792	-145	40	-672
48657288	36	93	93	93	723	-809	704	-148	44	-670
48661333	36	98	98	98	515	-788	670	-150	48	-668
48665253	36	102	102	102	139	-778	447	-152	50	-667
48669077	36	104	104	104	65	-674	-81	-154	52	-668
48672916	36	106	106	106	404	-669	-584	-156	55	-672
48676734	36	108	108	108	268	-769	-767	-158	58	-676
48680573	36	110	110	110	-402	-752	-768	-160	58	-680
48684406	36	112	112	112	-604	-673	-583	-162	57	-683
48688216	36	114	114	114	-459	-547	-221	-163	57	-686
48692030	36	113	113	113	-732	-489	-38	-164	56	-687
48695949	36	114	114	114	-1150	-490	-80	-165	53	-689
48699766	36	116	116	116	-877	-385	-227	-166	52	-691
48703646	36	116	116	116	-521	-210	-539	-166	52	-695
48707460	36	116	116	116	-656	-168	-774	-165	51	-699
48711281	36	118	118	118	-750	-145	-745	-165	50	-704
48715183	36	120	120	120	-372	-10	-640	-164	50	-708
48719013	36	121	121	121	-62	50	-437	-163	52	-711
48722850	36	121	121	121	-288	38	-148	-163	53	-713
48726782	36	122	122	122	-367	37	-60	-162	53	-715
48730599	36	123	123	123	-85	142	-192	-161	55	-717
48734434	36	122	122	122	-66	242	-310	-159	56	-720
48738260	36	121	121	121	-439	239	-378	-158	57	-723
48742089	36	120	120	120	-598	257	-406	-156	56	-725
48745901	36	117	117	117	-417	208	-266	-155	56	-728
48749708	36	114	114	114	-415	71	-71	-154	56	-729
48753527	36	111	111	111	-556	-88	52	-154	56	-730
48757459	36	109	109	109	-405	-179	91	-154	56	-731
48761289	36	105	105	105	-128	-197	30	-155	57	-732
48765148	36	101	101	101	-171	-235	-90	-155	58	-734
48768971	36	97	97	97	-339	-294	-157	-156	58	-736
48772808	36	92	92	92	-247	-225	-196	-157	59	-738
48776715	36	87	87	87	-142	-139	-235	-157	60	-740
48780557	36	81	81	81	-228	-148	-227	-157	60	-742
48784394	36	74	74	74	-278	-99	-234	-157	60	-744
48788317	36	68	68	68	-98	22	-291	-156	61	-747
48792136	36	61	61	61	-11	132	-296	-156	61	-749
48795950	36	54	54	54	-170	215	-225	-154	61	-751
48799762	36	48	48	48	-286	285	-125	-153	61	-753
48803585	36	42	42	42	-287	428	-23	-151	61	-754
48807405	36	36	36	36	-345	515	39	-149	60	-755
48811204	36	28	28	28	-474	525	-22	-147	58	-756
48815021	36	22	22	22	-433	524	-196	-145	57	-758
48818936	36	15	15	15	-271	495	-404	-143	56	-760
48822778	36	8	8	8	-239	443	-569	-141	55	-764
48826647	36	2	2	2	-312	325	-560	-139	54	-767
48830484	36	-4	-4	-4	-315	268	-386	-138	52	-769
48834447	36	-9	-9	-9	-306	280	-156	-137	51	-771
48838485	36	-15	-15	-15	-424	270	50	-136	49	-772
48842424	36	-20	-20	-20	-496	254	130	-135	47	-772
48846377	36	-26	-26	-26	-397	253	16	-134	45	-773
48850434	36	-31	-31	-31	-290	246	-194	-133	43	-775
48854398	36	-36	-36	-36	-297	167	-348	-132	41	-777
48858344	36	-34	-34	-34	-341	-295	-156	-133	39	-779
48862287	36	-28	-28	-28	-313	-741	388	-136	38	-779
48866229	36	-21	-21	-21	-302	-662	883	-138	36	-776
48870160	36	-10	-10	-10	-185	-677	1228	-141	35	-773
48874096	36	2	2	2	89	-552	1269	-143	36	-769
